Dane przykładowe/DEM/NMT1.asc
ncols         438
nrows         476
xllcenter     359715
yllcenter     505265
cellsize      5
nodata_value  -9999
[rows 272 to 305 of 476, columns 312 to 389 of 438]
58.39 58.38 58.39 58.36 58.33 58.37 58.31 58.38 58.4 58.36 58.38 58.35 58.36 58.35 58.34 58.33 58.36 58.33 58.4 58.38 58.36 58.44 58.37 58.36 58.36 58.37 58.36 58.32 58.41 58.34 58.37 58.37 58.37 58.3 58.36 58.39 58.37 58.37 58.4 58.36 58.34 58.35 58.35 58.35 58.34 58.42 58.39 59.19 59.33 59.24 59.16 59.16 59.36 58.76 58.37 58.27 58.26 58.21 58.13 58.12 58.1 58.09 58.15 58.13 58.32 58.16 58.32 58.15 58.09 58.07 57.97 57.85 57.85 57.85 58.38 57.92 57.4 57.73
58.38 58.36 58.37 58.37 58.38 58.36 58.36 58.38 58.35 58.34 58.38 58.35 58.36 58.36 58.38 58.34 58.36 58.38 58.34 58.4 58.36 58.32 58.34 58.38 58.35 58.31 58.37 58.34 58.37 58.36 58.34 58.37 58.36 58.36 58.36 58.38 58.4 58.38 58.37 58.32 58.35 58.33 58.33 58.33 58.34 58.34 58.36 58.44 58.92 59.26 59.36 59.08 59.12 59.39 59.26 58.81 58.49 58.35 58.15 58.1 58.26 58.26 58.14 58.01 58.13 58.14 58.14 58.12 58.16 58.12 58.09 58.04 57.98 57.86 57.87 57.92 58.66 58.08
58.36 58.37 58.36 58.37 58.35 58.32 58.34 58.4 58.34 58.35 58.38 58.35 58.39 58.33 58.36 58.37 58.35 58.36 58.39 58.34 58.35 58.39 58.32 58.38 58.34 58.36 58.35 58.35 58.35 58.35 58.39 58.39 58.37 58.34 58.38 58.36 58.36 58.36 58.35 58.37 58.35 58.35 58.35 58.35 58.35 58.35 58.36 58.39 58.39 58.51 59.07 59.23 59.3 59.15 58.88 59.46 59.1 58.8 58.49 58.53 58.45 58.37 58.27 58.08 57.99 58 58.09 58.07 58.13 58.15 58.17 58.15 58.1 58.09 57.93 57.87 57.93 57.92
58.39 58.33 58.38 58.36 58.38 58.34 58.37 58.35 58.34 58.36 58.38 58.37 58.37 58.36 58.41 58.35 58.41 58.33 58.36 58.36 58.43 58.36 58.37 58.41 58.39 58.43 58.35 58.37 58.51 58.33 58.37 58.36 58.37 58.37 58.35 58.38 58.38 58.35 58.38 58.37 58.37 58.37 58.38 58.38 58.37 58.37 58.37 58.34 58.33 58.4 58.33 58.72 59.11 59.24 59.21 58.92 58.87 59.45 58.98 58.65 58.55 58.57 58.38 58.21 57.98 58 57.97 57.99 58.08 58.13 58.18 58.18 58.13 58.12 58.08 58.04 57.93 57.89
58.4 58.38 58.36 58.36 58.38 58.36 58.37 58.35 58.38 58.35 58.37 58.39 58.34 58.37 58.36 58.38 58.39 58.31 58.38 58.37 58.4 58.37 58.37 58.35 58.36 58.38 58.37 58.35 58.37 58.36 58.38 58.35 58.38 58.38 58.38 58.39 58.35 58.37 58.34 58.34 58.37 58.38 58.37 58.37 58.36 58.36 58.34 58.37 58.36 58.37 58.33 58.3 58.33 58.44 59.08 59.23 59.23 59.01 59.02 59.41 58.86 58.62 58.52 58.28 58.08 58.06 57.99 57.94 57.97 58.01 58.09 58.11 58.13 58.14 58.13 58.11 58.04 58.04
58.34 58.34 58.36 58.37 58.4 58.36 58.33 58.37 58.38 58.35 58.37 58.39 58.39 58.31 58.31 58.36 58.36 58.39 58.37 58.37 58.31 58.35 58.4 58.37 58.37 58.36 58.38 58.37 58.4 58.4 58.36 58.34 58.39 58.35 58.4 58.37 58.37 58.37 58.36 58.36 58.35 58.34 58.33 58.35 58.37 58.37 58.34 58.37 58.37 58.35 58.33 58.4 58.35 58.37 58.34 58.41 59.18 59.21 59.23 59.26 59.04 59.45 58.78 58.49 58.34 58.29 58.09 58.11 57.99 57.89 57.88 58.12 58.1 58.12 58.12 58.15 58.21 58.26
58.34 58.4 58.34 58.38 58.36 58.35 58.38 58.37 58.36 58.35 58.35 58.36 58.33 58.35 58.36 58.34 58.35 58.39 58.36 58.38 58.37 58.37 58.27 58.38 58.34 58.38 58.37 58.35 58.35 58.35 58.35 58.33 58.38 58.35 58.4 58.41 58.38 58.38 58.38 58.38 58.38 58.37 58.37 58.36 58.35 58.33 58.35 58.39 58.36 58.36 58.41 58.36 58.37 58.31 58.36 58.35 58.34 58.49 59.14 59.22 59.24 59.21 58.99 59.46 58.57 58.43 58.34 58.25 58.1 58.01 57.98 57.85 57.93 58.24 58.13 58.14 58.14 58.24
58.38 58.37 58.38 58.38 58.35 58.39 58.35 58.34 58.37 58.38 58.36 58.38 58.37 58.37 58.36 58.35 58.39 58.3 58.37 58.37 58.31 58.37 58.36 58.37 58.43 58.35 58.36 58.41 58.33 58.37 58.37 58.37 58.38 58.38 58.36 58.37 58.36 58.36 58.36 58.36 58.36 58.36 58.37 58.37 58.37 58.37 58.37 58.38 58.38 58.37 58.37 58.39 58.41 58.36 58.36 58.36 58.39 58.37 58.31 58.45 59.18 59.29 59.29 59.29 59.2 59.4 58.64 58.44 58.5 58.26 58.1 58.03 57.92 57.88 57.9 58.2 58.16 58.25
58.37 58.4 58.35 58.36 58.39 58.39 58.37 58.36 58.4 58.35 58.35 58.35 58.36 58.37 58.32 58.36 58.35 58.37 58.37 58.39 58.37 58.37 58.34 58.34 58.36 58.35 58.37 58.36 58.37 58.35 58.39 58.37 58.42 58.4 58.37 58.35 58.35 58.35 58.35 58.35 58.35 58.35 58.35 58.35 58.35 58.35 58.35 58.35 58.34 58.4 58.38 58.39 58.36 58.39 58.38 58.37 58.38 58.29 58.37 58.28 58.38 58.4 59.08 59.2 59.29 59.33 59.09 59.42 58.68 58.71 58.35 58.25 57.88 57.89 57.78 57.9 57.9 58.45
58.35 58.38 58.37 58.39 58.37 58.34 58.34 58.33 58.36 58.32 58.37 58.35 58.37 58.32 58.34 58.29 58.39 58.36 58.37 58.3 58.4 58.34 58.38 58.36 58.4 58.36 58.37 58.37 58.38 58.35 58.37 58.37 58.42 58.36 58.35 58.35 58.35 58.35 58.36 58.36 58.36 58.36 58.36 58.36 58.36 58.36 58.36 58.36 58.35 58.36 58.35 58.39 58.35 58.4 58.32 58.37 58.35 58.33 58.38 58.37 58.36 58.36 58.39 58.44 59.14 59.24 59.54 59.08 59.02 59.43 58.75 58.73 58.32 58.16 58.04 58 57.95 57.91
58.38 58.4 58.36 58.38 58.35 58.43 58.35 58.36 58.37 58.35 58.38 58.37 58.42 58.34 58.36 58.33 58.38 58.3 58.4 58.35 58.35 58.3 58.37 58.33 58.36 58.37 58.36 58.35 58.36 58.37 58.4 58.38 58.37 58.35 58.35 58.35 58.35 58.36 58.36 58.36 58.36 58.36 58.36 58.36 58.36 58.36 58.36 58.36 58.35 58.36 58.37 58.4 58.35 58.37 58.4 58.37 58.37 58.37 58.36 58.36 58.4 58.41 58.41 58.41 58.35 58.46 59.16 59.22 59.18 59.21 59.12 59.35 59.07 58.57 58.43 58.32 58.01 58.03
58.38 58.33 58.36 58.37 58.31 58.42 58.37 58.39 58.38 58.36 58.35 58.34 58.37 58.31 58.34 58.39 58.33 58.36 58.37 58.37 58.38 58.34 58.38 58.37 58.38 58.37 58.37 58.36 58.36 58.37 58.33 58.37 58.35 58.35 58.35 58.35 58.36 58.36 58.36 58.36 58.36 58.36 58.36 58.37 58.37 58.37 58.37 58.37 58.37 58.36 58.36 58.36 58.38 58.38 58.37 58.37 58.37 58.38 58.39 58.39 58.4 58.4 58.4 58.4 58.39 58.35 58.38 58.44 59.06 59.16 59.18 59.09 59 59.36 59.3 58.73 58.54 58.45
58.37 58.32 58.35 58.34 58.38 58.33 58.35 58.39 58.38 58.39 58.34 58.39 58.37 58.36 58.37 58.36 58.32 58.4 58.36 58.35 58.35 58.4 58.36 58.4 58.37 58.36 58.35 58.37 58.39 58.38 58.35 58.35 58.35 58.35 58.35 58.36 58.36 58.36 58.36 58.36 58.36 58.36 58.37 58.37 58.37 58.37 58.37 58.37 58.37 58.37 58.39 58.36 58.32 58.34 58.36 58.37 58.38 58.38 58.38 58.38 58.39 58.39 58.39 58.4 58.4 58.37 58.38 58.34 58.34 58.36 58.66 59.15 59.21 59.23 59.3 59.06 59.38 59.27
58.34 58.4 58.36 58.35 58.39 58.33 58.37 58.36 58.35 58.41 58.37 58.36 58.37 58.35 58.39 58.36 58.36 58.42 58.38 58.39 58.4 58.31 58.36 58.35 58.37 58.37 58.4 58.4 58.37 58.32 58.35 58.35 58.35 58.35 58.36 58.36 58.36 58.36 58.36 58.36 58.36 58.37 58.37 58.37 58.37 58.37 58.37 58.37 58.38 58.38 58.33 58.36 58.36 58.36 58.37 58.37 58.36 58.36 58.37 58.38 58.38 58.38 58.38 58.39 58.39 58.38 58.37 58.34 58.37 58.39 58.35 58.34 58.38 58.88 59.19 59.18 59.21 59.12
58.35 58.36 58.35 58.34 58.32 58.35 58.36 58.37 58.36 58.36 58.38 58.36 58.35 58.4 58.35 58.33 58.37 58.39 58.35 58.38 58.35 58.41 58.32 58.36 58.38 58.36 58.32 58.38 58.4 58.35 58.41 58.41 58.4 58.4 58.4 58.4 58.4 58.4 58.39 58.39 58.39 58.39 58.39 58.39 58.38 58.38 58.38 58.38 58.38 58.38 58.36 58.41 58.37 58.37 58.37 58.37 58.37 58.37 58.35 58.35 58.36 58.36 58.38 58.38 58.38 58.39 58.38 58.38 58.38 58.35 58.37 58.37 58.34 58.38 58.31 58.5 59.05 59.17
58.42 58.38 58.36 58.38 58.36 58.37 58.4 58.36 58.35 58.41 58.39 58.41 58.38 58.36 58.36 58.38 58.39 58.36 58.36 58.34 58.37 58.36 58.32 58.4 58.36 58.39 58.36 58.37 58.35 58.39 58.39 58.38 58.38 58.38 58.38 58.38 58.38 58.37 58.37 58.37 58.37 58.37 58.37 58.37 58.38 58.36 58.35 58.33 58.32 58.32 58.31 58.31 58.34 58.37 58.37 58.37 58.37 58.37 58.37 58.35 58.34 58.34 58.35 58.35 58.35 58.36 58.37 58.36 58.37 58.36 58.36 58.37 58.37 58.37 58.41 58.37 58.29 58.34
58.36 58.33 58.36 58.37 58.35 58.27 58.36 58.35 58.36 58.37 58.39 58.39 58.36 58.37 58.37 58.36 58.36 58.33 58.37 58.41 58.37 58.45 58.37 58.38 58.31 58.29 58.35 58.39 58.4 58.37 58.37 58.37 58.36 58.36 58.36 58.36 58.36 58.36 58.36 58.37 58.37 58.35 58.34 58.33 58.33 58.33 58.33 58.32 58.32 58.32 58.32 58.31 58.31 58.33 58.37 58.38 58.39 58.37 58.37 58.37 58.38 58.33 58.33 58.33 58.34 58.34 58.34 58.37 58.37 58.38 58.39 58.36 58.36 58.38 58.38 58.37 58.39 58.34
58.39 58.36 58.35 58.32 58.39 58.36 58.35 58.34 58.36 58.35 58.39 58.34 58.4 58.38 58.35 58.37 58.35 58.33 58.39 58.39 58.4 58.37 58.39 58.38 58.37 58.39 58.38 58.36 58.37 58.35 58.35 58.35 58.35 58.35 58.37 58.37 58.36 58.35 58.35 58.35 58.34 58.34 58.34 58.33 58.33 58.33 58.33 58.33 58.32 58.32 58.32 58.32 58.32 58.32 58.32 58.37 58.38 58.38 58.4 58.38 58.38 58.38 58.35 58.32 58.32 58.32 58.34 58.39 58.38 58.36 58.38 58.33 58.42 58.37 58.35 58.39 58.36 58.38
58.32 58.34 58.36 58.36 58.36 58.36 58.39 58.37 58.35 58.33 58.37 58.35 58.36 58.37 58.38 58.38 58.36 58.37 58.35 58.33 58.36 58.37 58.36 58.36 58.41 58.43 58.35 58.4 58.34 58.37 58.38 58.37 58.37 58.36 58.36 58.36 58.35 58.35 58.35 58.35 58.34 58.34 58.34 58.34 58.33 58.33 58.33 58.33 58.33 58.32 58.32 58.32 58.32 58.32 58.32 58.33 58.37 58.37 58.38 58.39 58.4 58.42 58.38 58.38 58.33 58.31 58.34 58.4 58.37 58.4 58.33 58.37 58.35 58.36 58.36 58.37 58.37 58.39
58.38 58.37 58.37 58.38 58.35 58.37 58.37 58.33 58.34 58.37 58.39 58.36 58.36 58.34 58.35 58.38 58.4 58.36 58.45 58.36 58.35 58.37 58.33 58.32 58.35 58.37 58.39 58.37 58.38 58.37 58.37 58.37 58.36 58.36 58.36 58.36 58.36 58.35 58.35 58.35 58.35 58.34 58.34 58.34 58.34 58.34 58.33 58.33 58.33 58.33 58.32 58.32 58.32 58.32 58.32 58.32 58.34 58.36 58.37 58.38 58.38 58.39 58.41 58.42 58.38 58.35 58.37 58.34 58.37 58.39 58.38 58.38 58.36 58.35 58.36 58.38 58.35 58.37
58.35 58.34 58.38 58.36 58.34 58.37 58.31 58.35 58.37 58.42 58.37 58.37 58.37 58.38 58.38 58.37 58.39 58.34 58.33 58.35 58.38 58.38 58.37 58.37 58.4 58.37 58.39 58.38 58.38 58.37 58.37 58.37 58.37 58.36 58.36 58.36 58.36 58.36 58.35 58.35 58.35 58.35 58.34 58.34 58.34 58.34 58.34 58.33 58.33 58.33 58.33 58.32 58.32 58.32 58.32 58.32 58.32 58.35 58.36 58.37 58.38 58.38 58.39 58.4 58.41 58.43 58.37 58.34 58.35 58.36 58.36 58.37 58.33 58.35 58.38 58.38 58.38 58.37
58.36 58.38 58.37 58.35 58.34 58.37 58.38 58.35 58.35 58.39 58.37 58.36 58.38 58.34 58.39 58.4 58.29 58.35 58.38 58.35 58.39 58.39 58.37 58.37 58.35 58.37 58.37 58.38 58.38 58.38 58.37 58.37 58.37 58.37 58.37 58.36 58.36 58.36 58.36 58.35 58.35 58.35 58.35 58.34 58.34 58.34 58.34 58.34 58.33 58.33 58.33 58.33 58.32 58.33 58.33 58.33 58.33 58.32 58.35 58.36 58.37 58.37 58.38 58.39 58.39 58.4 58.33 58.35 58.37 58.4 58.39 58.39 58.37 58.36 58.35 58.37 58.37 58.38
58.35 58.39 58.35 58.39 58.34 58.37 58.35 58.38 58.35 58.36 58.36 58.37 58.35 58.39 58.4 58.36 58.35 58.41 58.33 58.38 58.35 58.35 58.33 58.36 58.37 58.34 58.37 58.38 58.38 58.38 58.38 58.37 58.37 58.37 58.37 58.37 58.36 58.36 58.36 58.36 58.35 58.35 58.35 58.35 58.35 58.34 58.34 58.34 58.34 58.33 58.33 58.33 58.33 58.33 58.33 58.33 58.33 58.33 58.31 58.35 58.36 58.36 58.37 58.38 58.38 58.37 58.36 58.36 58.38 58.38 58.36 58.36 58.37 58.41 58.4 58.39 58.38 58.36
58.38 58.35 58.37 58.39 58.38 58.3 58.36 58.39 58.39 58.38 58.38 58.37 58.39 58.39 58.34 58.39 58.34 58.38 58.33 58.39 58.4 58.28 58.37 58.4 58.34 58.34 58.37 58.38 58.38 58.38 58.38 58.38 58.37 58.37 58.37 58.37 58.37 58.36 58.36 58.36 58.36 58.35 58.35 58.35 58.35 58.35 58.34 58.34 58.34 58.34 58.33 58.33 58.33 58.33 58.33 58.33 58.33 58.33 58.33 58.31 58.35 58.36 58.36 58.37 58.38 58.37 58.37 58.37 58.35 58.37 58.37 58.34 58.32 58.39 58.37 58.34 58.38 58.38
58.41 58.39 58.32 58.34 58.35 58.37 58.4 58.3 58.36 58.38 58.37 58.4 58.37 58.36 58.39 58.35 58.38 58.36 58.33 58.36 58.32 58.36 58.36 58.35 58.33 58.34 58.37 58.38 58.38 58.38 58.38 58.38 58.38 58.38 58.37 58.37 58.37 58.37 58.36 58.36 58.36 58.36 58.35 58.35 58.35 58.35 58.35 58.34 58.34 58.34 58.34 58.33 58.33 58.33 58.33 58.33 58.33 58.33 58.34 58.34 58.31 58.36 58.35 58.36 58.37 58.36 58.38 58.35 58.38 58.34 58.36 58.4 58.37 58.38 58.39 58.38 58.34 58.36
58.34 58.36 58.36 58.43 58.39 58.39 58.33 58.37 58.33 58.36 58.38 58.36 58.38 58.37 58.39 58.37 58.35 58.36 58.38 58.35 58.36 58.38 58.36 58.34 58.33 58.34 58.37 58.37 58.37 58.38 58.38 58.38 58.38 58.38 58.38 58.37 58.37 58.37 58.37 58.36 58.36 58.36 58.36 58.36 58.35 58.35 58.35 58.35 58.34 58.34 58.34 58.34 58.34 58.33 58.33 58.34 58.34 58.34 58.34 58.34 58.34 58.31 58.36 58.36 58.37 58.37 58.33 58.37 58.36 58.38 58.35 58.37 58.36 58.35 58.39 58.33 58.35 58.33
58.37 58.35 58.39 58.36 58.38 58.39 58.35 58.36 58.37 58.38 58.37 58.38 58.36 58.38 58.35 58.34 58.38 58.39 58.4 58.37 58.37 58.37 58.36 58.34 58.32 58.35 58.37 58.37 58.37 58.37 58.37 58.38 58.38 58.38 58.38 58.38 58.37 58.37 58.37 58.37 58.36 58.36 58.36 58.36 58.36 58.35 58.35 58.35 58.35 58.34 58.34 58.34 58.34 58.34 58.34 58.34 58.34 58.34 58.34 58.34 58.34 58.34 58.3 58.37 58.38 58.39 58.38 58.35 58.38 58.37 58.36 58.38 58.36 58.37 58.39 58.35 58.3 58.3
58.38 58.38 58.38 58.38 58.36 58.39 58.28 58.37 58.37 58.36 58.38 58.35 58.35 58.38 58.34 58.35 58.36 58.34 58.41 58.34 58.39 58.37 58.35 58.33 58.31 58.35 58.37 58.37 58.37 58.37 58.37 58.37 58.37 58.38 58.38 58.38 58.38 58.37 58.37 58.37 58.37 58.36 58.36 58.36 58.36 58.36 58.35 58.35 58.35 58.35 58.34 58.34 58.34 58.34 58.34 58.34 58.34 58.34 58.34 58.34 58.34 58.34 58.34 58.3 58.38 58.38 58.34 58.36 58.34 58.29 58.35 58.37 58.38 58.35 58.38 58.26 58.29 58.3
58.38 58.38 58.34 58.34 58.36 58.36 58.33 58.37 58.42 58.35 58.36 58.39 58.32 58.37 58.38 58.36 58.38 58.39 58.34 58.39 58.39 58.37 58.34 58.32 58.31 58.35 58.37 58.37 58.37 58.37 58.37 58.37 58.37 58.37 58.37 58.38 58.38 58.38 58.37 58.37 58.37 58.37 58.37 58.36 58.36 58.36 58.36 58.35 58.35 58.35 58.35 58.35 58.34 58.34 58.34 58.34 58.34 58.34 58.34 58.34 58.35 58.35 58.35 58.35 58.38 58.4 58.37 58.35 58.35 58.37 58.36 58.35 58.35 58.37 58.34 58.31 58.28 58.32
58.38 58.38 58.32 58.37 58.3 58.37 58.32 58.35 58.38 58.34 58.35 58.35 58.38 58.35 58.37 58.37 58.38 58.4 58.37 58.38 58.38 58.38 58.41 58.41 58.4 58.28 58.29 58.3 58.31 58.31 58.32 58.33 58.33 58.34 58.35 58.35 58.36 58.37 58.37 58.37 58.37 58.37 58.37 58.37 58.36 58.36 58.36 58.36 58.35 58.35 58.35 58.35 58.35 58.34 58.34 58.34 58.34 58.35 58.35 58.35 58.35 58.35 58.35 58.35 58.37 58.37 58.36 58.37 58.37 58.36 58.34 58.33 58.34 58.34 58.3 58.3 58.31 58.29
58.38 58.37 58.38 58.35 58.35 58.37 58.39 58.39 58.37 58.38 58.38 58.34 58.33 58.39 58.38 58.39 58.35 58.36 58.37 58.38 58.38 58.37 58.42 58.42 58.41 58.28 58.28 58.29 58.3 58.3 58.31 58.32 58.32 58.33 58.34 58.34 58.35 58.36 58.36 58.37 58.37 58.37 58.37 58.37 58.37 58.36 58.36 58.36 58.36 58.35 58.35 58.35 58.35 58.35 58.35 58.35 58.35 58.35 58.35 58.35 58.35 58.35 58.35 58.35 58.34 58.33 58.35 58.34 58.33 58.34 58.34 58.32 58.33 58.33 58.31 58.28 58.25 58.29
58.37 58.36 58.37 58.39 58.37 58.36 58.35 58.36 58.37 58.35 58.37 58.41 58.42 58.36 58.36 58.37 58.35 58.39 58.38 58.38 58.38 58.38 58.43 58.43 58.42 58.28 58.27 58.28 58.29 58.29 58.3 58.31 58.31 58.32 58.33 58.33 58.34 58.35 58.35 58.36 58.37 58.37 58.37 58.37 58.37 58.37 58.36 58.36 58.36 58.36 58.36 58.35 58.35 58.35 58.35 58.35 58.35 58.35 58.35 58.35 58.35 58.35 58.35 58.35 58.3 58.31 58.32 58.29 58.29 58.3 58.32 58.32 58.31 58.32 58.27 58.3 58.28 58.29
58.35 58.33 58.39 58.33 58.38 58.34 58.37 58.4 58.33 58.39 58.36 58.35 58.39 58.39 58.34 58.4 58.36 58.38 58.39 58.38 58.38 58.38 58.44 58.44 58.43 58.27 58.26 58.27 58.28 58.28 58.29 58.3 58.3 58.31 58.32 58.32 58.33 58.34 58.34 58.35 58.36 58.36 58.37 58.37 58.37 58.37 58.37 58.36 58.36 58.36 58.36 58.36 58.35 58.35 58.35 58.35 58.35 58.35 58.35 58.35 58.35 58.35 58.35 58.34 58.33 58.33 58.27 58.32 58.25 58.26 58.28 58.29 58.3 58.28 58.29 58.3 58.27 58.29
58.77 58.43 58.35 58.33 58.4 58.37 58.4 58.32 58.35 58.31 58.37 58.34 58.36 58.36 58.4 58.36 58.39 58.38 58.4 58.38 58.39 58.38 58.42 58.45 58.44 58.27 58.25 58.26 58.27 58.28 58.28 58.29 58.29 58.3 58.31 58.31 58.32 58.33 58.33 58.34 58.35 58.35 58.36 58.37 58.37 58.37 58.37 58.37 58.36 58.36 58.36 58.36 58.36 58.35 58.35 58.35 58.35 58.35 58.35 58.36 58.36 58.36 58.35 58.34 58.33 58.31 58.32 58.34 58.26 58.21 58.16 58.26 58.29 58.26 58.3 58.32 58.31 58.25
