Dane przykładowe/DEM/NMT1.asc
ncols         438
nrows         476
xllcenter     359715
yllcenter     505265
cellsize      5
nodata_value  -9999
[rows 68 to 101 of 476, columns 312 to 389 of 438]
62.44 62.33 62.26 62.52 62.79 62.68 62.73 62.71 62.72 62.65 62.43 61.95 61.46 61.01 62.84 62.91 62.98 63.04 63.12 63.39 63.74 63.7 63.62 63.74 63.82 63.7 63.86 63.88 63.95 63.9 63.95 64.03 63.83 63.87 63.89 63.94 63.58 63.58 63.89 64.13 64.49 64.46 64.52 64.56 64.5 64.49 64.45 64.47 64.45 64.33 64.15 64.25 64.27 64.24 64.23 64.05 64.05 63.9 63.65 63.74 63.82 63.9 63.99 64.07 64.16 64.24 64.32 64.37 64.2 64.15 64.08 64.04 64.1 64.24 64.22 64.12 64.11 64.05
62.4 62.27 62.2 62.47 62.66 62.65 62.63 62.59 62.62 62.69 62.69 62.74 62.8 62.89 62.93 63.09 63.35 63.3 63.5 63.77 63.81 63.73 63.78 63.86 63.91 63.93 63.9 63.93 63.93 63.98 63.95 64.05 63.79 63.91 63.91 63.91 63.59 63.65 64.12 64.37 64.53 64.5 64.57 64.59 64.57 64.54 64.52 64.51 64.53 64.43 64.26 64.22 64.2 64.16 64.16 64.09 64.14 64.16 63.28 63.36 63.45 63.53 63.62 63.7 63.78 63.97 64.23 64.36 64.2 64.14 64.1 64.06 64.15 64.24 64.25 64.13 64.14 64.11
62.29 62.29 62.15 62.33 62.5 62.64 62.67 62.68 62.7 62.76 62.8 62.95 63.1 63.2 63.26 63.31 63.11 63.26 63.42 63.74 63.99 63.76 63.71 63.72 63.8 63.79 63.79 63.85 63.86 63.84 63.87 63.85 63.8 63.96 63.98 63.98 63.68 63.75 64.13 64.32 64.43 64.54 64.56 64.57 64.58 64.57 64.55 64.57 64.51 64.48 64.44 64.36 64.31 64.22 64.17 64.11 64.17 64.19 63.07 62.99 63.08 63.16 63.24 63.48 63.72 63.98 64.22 64.33 64.19 64.29 64.07 64.09 64.14 64.27 64.26 64.09 64.15 64.09
62.37 62.37 62.26 62.3 62.6 62.66 62.65 62.73 62.83 63.02 63.04 63.01 62.94 62.98 63.14 63.3 63.16 63.2 63.43 63.71 64 63.77 64.13 63.97 63.92 63.95 63.91 63.86 63.86 63.89 63.83 63.81 63.92 63.96 63.96 64 63.72 63.88 64.19 64.3 64.4 64.46 64.56 64.56 64.55 64.6 64.54 64.61 64.64 64.6 64.61 64.59 64.5 64.45 64.33 64.19 64.18 64.25 64.24 62.62 62.73 62.94 63.08 63.25 63.62 64.35 64.04 64.36 64.2 64.25 64.05 64.09 64.17 64.26 64.28 64.12 64.19 64.08
62.17 62.29 62.15 62.2 62.47 62.67 62.72 62.83 62.81 62.81 62.9 62.95 62.98 63.08 63.17 63.23 63.16 63.3 63.49 63.78 64.05 63.92 64.01 64.02 64 64.01 63.95 63.94 63.95 63.97 63.89 63.98 63.95 64.01 64.01 63.95 63.81 63.88 64.26 64.41 64.44 64.38 64.41 64.46 64.49 64.49 64.5 64.54 64.64 64.72 64.62 64.67 64.67 64.66 64.47 64.18 64.13 64.18 64.09 64.12 64.2 62.94 63.55 61.76 63.19 64.2 64.39 64.19 64.21 64.16 64.04 64.1 64.28 64.35 64.35 64.11 64.21 64.06
61.95 62.05 62.03 62.16 62.33 62.45 62.51 62.93 62.62 62.68 62.83 62.97 63.02 63.2 63.26 63.25 63.19 63.32 63.56 63.85 64.05 63.98 64.06 64.06 64.1 64.09 64.03 64.03 64.02 64.07 64.01 64.08 63.97 63.94 63.99 63.94 63.89 63.97 64.16 64.17 64.15 64.28 64.41 64.43 64.44 64.42 64.45 64.72 64.56 64.59 64.65 64.69 64.68 64.66 64.4 64.17 64.08 64.06 64.04 64.05 64.05 64.03 64.03 64.08 64.11 64.13 64.16 64.14 64.35 64.24 64.11 64.11 64.28 64.39 64.38 64.16 64.21 64.01
61.71 61.81 61.91 62.19 62.26 62.36 62.51 62.56 62.64 62.66 62.83 62.94 63.05 63.09 63.14 63.27 63.16 63.29 63.61 63.91 64.1 64.02 63.96 64 64.06 64.08 64.11 64.07 64.12 64.17 64.2 64.13 64.15 64.08 64.04 63.95 63.95 63.99 64.03 64.12 64.08 64.03 64 63.99 64 63.98 64.17 64.19 64.24 64.51 64.52 64.6 64.72 64.68 64.51 64.36 64.19 64.07 63.98 63.97 63.95 63.92 63.96 63.98 64.02 64.05 64.08 64.08 64.23 64.37 64.2 64.28 64.38 64.39 64.38 64.2 64.17 63.73
61.82 61.73 61.8 61.97 62.18 62.28 62.42 62.48 62.58 62.69 62.79 62.93 62.96 63.04 63.11 63.19 63.17 63.35 63.64 63.92 64.08 64 64.1 64.13 64.14 64.07 64.05 64.04 64.07 64.05 64.08 64.09 64.21 64.21 64.22 63.99 63.96 63.97 64.02 64.08 64.17 64.2 64.22 64.18 64.11 64.09 63.86 63.91 63.93 63.99 64.03 64.26 64.36 64.34 64.34 64.36 64.39 64.27 64.23 64.21 64.2 64.07 63.99 64 64.02 64.09 64.08 64.05 64.12 64.15 64.19 64.23 64.42 64.37 64.19 64.2 64.12 64.31
61.78 61.66 61.77 61.96 62.13 62.21 62.37 62.39 62.48 62.6 62.75 62.89 62.96 63 63.11 63.09 63.2 63.37 63.73 64.04 64.08 64.05 64.12 64.16 64.16 64.17 64.16 64.12 64.14 64.12 64.09 64.15 64.18 64.19 64.04 63.98 63.99 64.06 64.09 63.99 64.13 64.2 64.22 64.21 64.17 64.13 63.96 64.08 64.07 64.07 64.16 64.04 64.09 64.1 64.11 64.09 64.03 64.1 64.18 64.22 64.13 64.22 64.19 64.13 64.09 64.08 64.14 64.11 64.13 64.23 64.27 64.19 64.26 64.2 64.19 64.28 64.2 64.33
61.73 61.62 61.73 61.9 62.19 62.28 62.38 62.43 62.52 62.63 62.79 62.86 62.99 63.05 63.16 63.06 63.19 63.42 63.8 64.17 64.15 64.13 64.11 64.19 64.23 64.16 64.18 64.15 64.18 64.14 64.22 64.21 64.22 64.18 64.24 64.02 64.03 64.17 64.17 64 64.13 64.18 64.25 64.21 64.1 64.05 64.02 64.11 64.16 64.2 64.12 64.09 64.16 64.22 64.07 64.07 64.06 64.11 64.07 63.82 63.81 63.83 63.9 64.04 64.13 64.05 64.04 64.06 64.24 64.21 64.24 64.29 64.41 64.5 64.22 64.29 64.24 64.37
61.75 61.59 61.72 61.93 62.19 62.26 62.49 62.53 62.61 62.6 62.7 62.79 62.95 63.09 63.19 63.11 63.17 63.39 63.79 64.17 64.16 64.09 64.1 64.13 64.22 64.19 64.18 64.22 64.22 64.26 64.28 64.27 64.24 64.22 64.26 64.09 64.13 64.18 64.23 64.03 64.14 64.16 64.21 64.18 64.07 64.11 64.07 64.1 64.11 64.2 64.01 64.05 64.02 64.14 64.06 64.17 64.18 64.2 64.14 63.99 63.78 64.03 63.94 63.69 63.93 63.85 63.83 63.88 63.96 64.09 64.12 64.18 64.26 64.3 64.23 64.29 64.26 64.28
61.71 61.63 61.68 61.93 62.08 62.22 62.44 62.55 62.68 62.67 62.77 62.83 62.94 63.09 63.22 63.11 63.22 63.48 63.84 64.25 64.21 64.13 64.07 64.18 64.16 64.15 64.17 64.15 64.23 64.26 64.28 64.29 64.22 64.29 64.27 64.12 64.19 64.11 64.07 64.05 64.13 64.1 64.18 64.06 64.08 64.04 64.06 64.07 64.14 64.16 64 64 64.3 64.12 64.07 64.18 64.15 64.19 64.14 63.97 63.82 64.06 63.54 63.51 64.11 64.16 63.86 63.84 64.01 64.06 64.16 64.16 64.32 64.32 64.19 64.25 64.26 64.35
61.69 61.72 61.71 61.87 62.06 62.32 62.39 62.54 62.64 62.65 62.73 62.82 62.9 63.06 63.42 63.16 63.21 63.51 63.96 64.39 64.25 64.25 64.17 64.13 64.21 64.23 64.27 64.19 64.23 64.24 64.17 64.2 64.22 64.27 64.18 64.18 64.09 64.09 64.03 64.03 64.1 64.18 64.25 64.04 64.04 64 64.06 64.08 64.13 64.19 63.96 64.09 64.27 64.14 64.11 64.18 64.17 64.17 64.19 63.93 63.89 64.01 64.07 64.13 64.14 64.18 64.07 63.95 64.01 64.13 64.21 64.2 64.43 64.32 64.2 64.23 64.24 64.25
61.67 61.71 61.66 61.86 62.12 62.36 62.38 62.5 62.63 62.61 62.67 62.8 62.88 63.1 63.31 63.19 63.26 63.54 63.95 64.29 64.2 64.26 64.19 64.19 64.17 64.27 64.24 64.27 64.28 64.28 64.3 64.25 64.24 64.18 64.11 64.18 64.08 64.09 63.99 64.09 64.16 64.19 64.21 64.03 64.11 64.05 64.09 64.1 64.13 64.16 63.92 64.04 64.26 64.11 64.16 64.17 64.17 64.12 64.19 63.89 63.92 63.96 64.03 64.11 64.18 64.23 63.94 63.98 64.05 64.12 64.17 64.24 64.45 64.28 64.2 64.15 64.28 64.2
61.76 61.59 61.67 61.87 62.2 62.23 62.28 62.38 62.5 62.56 62.58 62.75 62.79 63 63.21 63.13 63.45 63.51 63.84 64.12 64.1 64.21 64.22 64.23 64.22 64.24 64.23 64.28 64.25 64.28 64.3 64.34 64.35 64.32 64.18 64.17 64.13 64.12 64.02 64.1 64.21 64.22 64.22 64.03 64.06 64.03 64.06 64.11 64.16 64.12 63.96 64.16 64.27 64.09 64.18 64.19 64.17 64.18 64.16 63.88 63.96 64 64.1 64.23 64.16 64.19 63.92 63.95 64.01 64.12 64.19 64.23 64.32 64.22 64.19 64.17 64.32 64.28
61.62 61.63 61.65 61.84 61.9 62.02 62.21 62.35 62.44 62.53 62.62 62.58 62.72 62.81 62.86 62.94 63.45 63.66 64.03 63.96 63.92 64.05 64.02 64.16 64.16 64.25 64.21 64.24 64.27 64.28 64.3 64.41 64.37 64.35 64.12 64.18 64.21 64.15 63.98 64.12 64.18 64.21 64.21 64.07 64.03 63.98 64.05 64.09 64.15 64.07 64.01 64.15 64.19 64.07 64.14 64.14 64.15 64.21 64.14 63.87 64.09 64.16 64.15 64.15 64.24 64.32 63.86 63.97 64.06 64.11 64.16 64.29 64.4 64.28 64.2 64.18 64.37 64.38
61.62 61.7 61.79 61.79 61.86 61.92 62.02 62.18 62.25 62.34 62.41 62.44 62.48 62.55 62.62 62.73 62.77 62.97 63.11 63.2 63.38 63.47 63.63 63.86 64.01 64.17 64.14 64.1 64.2 64.25 64.32 64.37 64.4 64.38 64.1 64.08 64.26 64.21 63.98 64.12 64.17 64.21 64.15 64.07 64.06 64.03 64.05 64.09 64.15 63.97 63.98 64.21 64.15 64.08 64.2 64.17 64.15 64.2 63.97 63.9 64.06 64.1 64.14 64.13 64.28 64.25 63.86 64.03 64.15 64.21 64.24 64.3 64.36 64.11 64.18 64.08 64.39 64.39
61.73 61.77 61.84 61.9 61.95 61.95 62.06 62.14 62.17 62.24 62.29 62.42 62.47 62.59 62.71 62.82 62.75 62.88 62.99 63.06 63.15 63.22 63.29 63.48 63.62 63.77 63.99 64.04 64.14 64.13 64.23 64.33 64.34 64.36 64.1 64.13 64.34 64.29 64.04 64.34 64.26 64.28 64.21 64.2 64.06 64.04 64.06 64.1 64.15 63.97 64.01 64.22 64.14 64.09 64.21 64.16 64.16 64.16 63.95 63.88 63.99 64.06 64.13 64.12 64.09 64.06 63.83 64.07 64.13 64.15 64.17 64.32 64.34 64.08 64.15 64.19 64.45 64.17
61.88 61.94 61.97 62.05 62.14 62.15 62.21 62.15 62.24 62.42 62.54 62.36 62.59 63.03 63.13 62.97 62.89 62.93 63.06 63.08 63.19 63.27 63.33 63.44 63.56 63.69 63.81 63.93 63.93 63.99 64.07 64.18 64.28 64.2 64.14 64.23 64.41 64.12 64.06 63.78 64.27 64.28 64.25 64.2 64.13 64.06 64.1 64.14 64.12 63.94 64.04 64.25 64.15 64.12 64.23 64.19 64.14 64.21 63.98 63.84 63.98 64.02 64.07 64.16 64.13 64.01 63.81 64.15 64.15 64.17 64.21 64.25 64.22 64.06 64.09 64.19 64.42 63.96
61.85 61.94 61.87 61.94 62.04 62.17 62.21 62.33 62.39 62.48 62.47 62.37 62.63 63.17 63.19 63.21 63.36 63.34 63.32 63.32 63.43 63.5 63.44 63.57 63.6 63.77 63.94 63.9 63.94 63.93 63.99 64.03 64.04 64.11 64.13 64.13 64.11 63.94 64.05 64.24 63.61 63.33 64.31 64.16 64.1 64.11 64.14 64.17 64.25 63.93 64.02 64.25 64.13 64.11 64.17 64.15 64.14 64.21 63.95 63.89 63.98 64.03 64.11 64.12 64.14 63.99 63.87 64 64.11 64.16 64.19 64.26 64.2 64.05 64.04 64.02 64.29 63.61
61.91 61.92 61.95 61.94 61.97 62 62.13 62.16 62.23 62.45 62.41 62.36 62.67 63.06 63.33 63.38 63.5 63.51 63.5 63.47 63.58 63.64 63.73 63.76 63.85 63.92 64.01 64.03 63.95 63.94 63.94 64 64.09 64.03 64.08 64.1 64.09 64.1 64.1 64.14 64.27 64.3 64.34 64.3 64.05 64.15 64.16 64.21 64.03 63.99 64.22 64.27 64.14 64.17 64.21 64.17 64.15 64.21 63.91 63.89 63.98 64.04 64.16 64.19 64.13 63.96 63.97 64.02 64.09 64.17 64.13 64.21 64.11 64.05 63.98 63.57 63.33 63.23
62.03 61.84 61.95 61.91 61.95 61.97 61.98 62.13 62.14 62.24 62.41 62.39 62.78 63.1 63.38 63.56 63.67 63.77 63.79 63.77 63.74 63.8 63.75 63.78 63.92 63.91 64.03 64.14 64.04 64.03 64.08 64.17 64.45 64.59 64.51 65.08 64.5 64.3 64.24 64.2 64.21 64.22 64.16 64.17 64.15 64.17 64.28 64.27 64 64.07 64.29 64.26 64.12 64.2 64.14 64.2 64.19 64.21 63.86 63.92 63.89 62.86 63.01 64.46 64.12 63.97 64.02 64.13 64.19 64.23 64.17 64.22 64.05 64.02 63.93 63.5 63.29 63.26
62.06 61.94 61.92 61.88 61.91 61.93 61.99 62.06 62.17 62.25 62.35 62.36 62.64 63.02 63.52 63.64 63.81 63.82 63.89 63.82 63.83 63.87 63.83 63.85 63.88 63.92 64 64.1 64.02 64.04 64.2 64.35 64.48 64.85 64.94 64.9 64.75 64.66 64.53 64.53 64.5 64.39 64.44 64.26 64.25 64.2 64.21 64.21 64.19 64.15 64.21 64.18 64.18 64.25 64.28 64.24 64.2 64.16 63.86 64.07 64.02 64.02 63.74 64.3 64.23 63.95 64.05 64.13 64.15 64.2 64.15 64.17 64.17 64.03 63.9 63.5 64.1 63.27
62.04 61.91 61.93 61.88 61.93 61.94 62 62.07 62.26 62.32 62.28 62.42 62.56 62.95 63.27 63.85 63.82 63.76 63.86 63.82 63.88 63.77 63.92 63.87 63.89 63.97 64 64.03 64.07 64.07 64.29 64.57 64.86 64.89 64.94 64.91 64.79 64.7 64.72 64.67 64.72 64.66 64.69 64.62 64.34 64.39 64.4 64.3 64.31 64.29 64.24 64.25 64.23 64.22 64.17 64.1 64.12 64.08 63.94 64.12 64.19 64.27 64.24 64.36 64.24 63.96 64.15 64.18 64.23 64.14 64.12 64.15 63.97 63.98 63.9 64.11 64.06 63.22
61.86 61.93 61.95 61.92 61.94 61.93 61.98 62.15 62.28 62.31 62.25 62.49 62.46 62.61 62.82 63.81 63.86 63.82 63.91 63.83 63.95 63.92 63.89 64.02 63.93 64.11 64.18 64.24 64.06 64.15 64.34 64.38 64.77 65.01 65 64.87 64.78 64.72 64.72 64.81 64.77 64.63 64.62 64.49 64.41 64.5 64.47 64.47 64.44 64.41 64.35 64.28 64.3 64.26 64.28 64.21 64.15 64.15 64.09 64.08 64.08 64.06 64.03 64.05 64.02 63.96 64.07 64.19 64.15 64.14 64.27 64.09 63.94 63.99 64.15 64.11 64.19 63.24
62 61.91 61.91 61.85 61.84 61.82 61.89 62 62.13 62.22 62.32 62.69 62.97 63.13 62.95 63.79 63.9 63.87 63.87 63.85 63.89 63.91 63.83 63.92 63.98 64.22 64.27 64.29 64.14 64.2 64.39 64.37 64.52 64.84 64.84 64.91 64.92 64.79 64.76 64.73 64.72 64.7 64.72 64.59 64.45 64.57 64.54 64.64 64.57 64.51 64.47 64.45 64.46 64.44 64.37 64.34 64.35 64.15 64.15 64.25 64.21 64.17 64.11 64.09 64.09 64.03 64.03 64.04 64.02 64.09 64.08 64 63.92 63.93 64.08 64.04 63.76 63.23
62.13 62.11 62.06 62.13 62.06 62.05 61.98 61.88 62.07 62.3 62.42 62.83 63.03 63.19 63.36 63.44 63.57 63.73 63.77 63.84 63.97 63.91 63.88 63.99 64.04 64.17 64.26 64.32 64.21 64.36 64.44 64.5 64.52 64.58 64.78 64.91 64.84 64.81 64.79 65.05 64.96 64.83 64.65 64.58 64.58 64.68 64.68 64.7 64.69 64.55 64.49 64.46 64.52 64.54 64.53 64.47 64.44 64.23 64.38 64.36 64.31 64.31 64.25 64.25 64.26 64.21 64.18 64.12 64.08 64.04 63.95 63.93 63.89 63.88 63.98 63.99 63.38 63.19
62.15 62.13 62.05 62.13 62.08 62.16 62 62.17 62.19 62.42 62.49 63.06 63.25 63.34 63.32 63.23 63.38 63.48 63.54 63.58 63.7 63.76 63.86 63.9 64.05 64.25 64.34 64.2 64.22 64.39 64.5 64.18 64.37 64.74 64.61 64.71 64.69 64.66 64.81 65.14 65.03 64.9 64.72 64.64 64.68 64.76 64.74 64.7 64.7 64.58 64.62 64.62 64.61 64.63 64.6 64.55 64.49 64.32 64.54 64.49 64.49 64.45 64.41 64.41 64.33 64.3 64.25 64.18 64.17 64.29 64.02 63.91 63.88 63.89 63.9 63.98 63.24 63.08
62.17 62.14 62.07 62.1 62.14 62.16 61.9 62.12 62.47 62.59 62.76 63.19 63.49 63.44 63.43 63.17 63.49 63.58 63.54 63.61 63.58 63.62 63.7 63.73 63.85 64.03 64.16 64.23 64.21 64.34 64.62 64.62 64.67 64.73 64.69 64.73 64.78 64.79 64.78 65.01 65.09 65.01 64.85 64.73 64.76 64.7 64.78 64.73 64.69 64.65 64.62 64.65 64.64 64.64 64.65 64.68 64.6 64.38 64.59 64.56 64.53 64.43 64.39 64.41 64.35 64.38 64.34 64.36 64.27 64.2 64.05 63.87 63.86 63.87 63.92 63.91 63.29 63.06
62.03 62.07 62.2 62.2 62.15 62.18 61.98 62.41 62.76 62.69 63.05 63.34 63.48 63.46 63.36 63.26 63.44 63.52 63.59 63.6 63.68 63.79 63.86 63.88 63.89 64.02 64.18 64.28 64.25 64.37 64.46 64.55 64.72 64.78 64.72 64.7 64.78 64.79 64.8 64.92 64.97 65.03 64.98 64.81 64.72 64.71 64.77 64.7 64.79 64.72 64.79 64.9 64.73 64.7 64.7 64.65 64.7 64.43 64.66 64.61 64.64 64.53 64.66 64.54 64.48 64.43 64.36 64.44 64.3 64.27 64.18 63.82 63.84 63.89 63.91 63.87 63.21 63.12
62.14 62.19 62.36 62.43 62.47 62.6 62.75 62.99 63 62.96 63.3 63.46 63.52 63.5 63.34 63.38 63.43 63.48 63.57 63.47 63.66 63.8 63.89 63.96 64.01 64.19 64.25 64.36 64.33 64.4 64.6 64.69 64.77 64.79 64.63 64.71 64.72 64.84 64.83 64.81 64.77 64.83 64.94 64.94 64.74 64.7 64.77 64.76 64.8 64.69 64.7 64.74 64.73 64.75 64.75 64.73 64.6 64.56 64.67 64.7 64.67 64.59 64.61 64.58 64.5 64.46 64.4 64.35 64.33 64.21 64 63.84 63.88 63.97 63.91 63.86 63.37 63.29
62.2 62.7 62.97 63.04 63.11 63.28 63.19 63.29 63.26 63.22 63.31 63.55 63.5 63.48 63.33 63.37 63.45 63.55 63.62 63.46 63.71 63.79 63.87 63.82 63.67 63.94 64.38 64.34 64.41 64.44 64.59 64.7 64.8 64.8 64.72 64.66 64.76 64.76 64.82 64.83 64.72 64.76 64.71 64.73 64.68 64.72 64.68 64.7 64.39 64.65 64.67 64.72 64.72 64.74 64.73 64.75 64.57 64.71 64.71 64.7 64.71 64.68 64.69 64.61 64.57 64.53 64.46 64.4 64.32 64.14 63.98 63.84 63.9 64.02 63.89 63.79 63.49 63.45
62.62 62.89 63.08 63.21 63.34 63.38 63.47 63.48 63.34 63.41 63.33 63.57 63.53 63.48 63.3 63.33 63.5 63.49 63.5 63.44 63.74 63.73 63.75 63.67 63.7 64.13 64.35 64.31 64.43 64.46 64.52 64.61 64.66 64.73 64.7 64.7 64.74 64.75 64.75 64.61 64.63 64.68 64.74 64.75 64.72 64.64 64.78 64.68 64.83 64.65 64.58 64.64 64.71 64.73 64.73 64.65 64.64 64.7 64.78 64.82 64.81 64.71 64.75 64.71 64.61 64.59 64.51 64.38 64.35 64.13 64.04 63.88 63.89 63.94 63.94 63.61 63.52 63.51
62.9 63.25 63.15 63.29 63.46 63.51 63.56 63.56 63.56 63.5 63.37 63.49 63.44 63.5 63.31 63.31 63.48 63.51 63.37 63.41 63.78 63.76 63.73 63.72 63.74 64.38 64.25 64.26 64.4 64.51 64.46 64.61 64.59 64.63 64.66 64.71 64.7 64.69 64.64 64.59 64.6 64.58 64.75 64.75 64.69 64.68 64.68 64.71 64.66 64.67 64.65 64.55 64.57 64.68 64.68 64.67 64.67 64.67 64.72 64.77 64.8 64.75 64.68 64.73 64.71 64.64 64.56 64.48 64.36 64.12 64.05 63.98 63.86 63.89 63.94 63.57 63.51 63.46
