Dane przykładowe/DEM/NMT1.asc
ncols         438
nrows         476
xllcenter     359715
yllcenter     505265
cellsize      5
nodata_value  -9999
[rows 238 to 271 of 476, columns 234 to 311 of 438]
59.85 59.93 59.87 59.81 59.84 59.86 59.96 59.93 59.83 59.78 59.99 59.98 60.03 59.75 59.72 59.74 59.77 59.73 59.67 59.71 59.77 59.87 59.85 59.8 59.9 59.87 59.9 59.82 60.38 61.29 61.81 60.94 60.37 59.83 59.81 60.55 60.42 59.77 59.66 58.34 58.32 58.32 58.33 58.33 58.36 58.38 58.39 58.36 58.36 58.39 58.36 58.37 58.35 58.34 58.4 58.34 58.4 58.37 58.33 58.36 58.3 58.37 58.38 58.3 58.36 58.34 58.38 58.33 58.37 58.38 58.38 58.33 58.33 58.31 58.39 58.35 58.38 58.31
59.78 59.92 59.82 59.78 59.81 59.81 59.86 59.85 59.79 59.78 59.83 59.82 59.76 59.77 59.63 59.66 59.61 59.62 59.59 59.64 59.68 59.83 59.74 59.79 59.83 59.74 59.75 59.78 59.93 60.35 60.49 60.35 59.86 59.81 59.79 59.89 59.76 59.76 59.62 58.37 58.33 58.34 58.34 58.35 58.34 58.34 58.39 58.35 58.37 58.37 58.35 58.37 58.36 58.37 58.33 58.37 58.36 58.38 58.31 58.35 58.36 58.32 58.35 58.33 58.38 58.38 58.44 58.36 58.35 58.33 58.33 58.4 58.36 58.36 58.36 58.34 58.32 58.37
59.8 59.9 59.76 59.8 59.76 59.72 59.78 59.76 59.78 59.68 59.79 59.76 59.78 59.76 59.6 59.56 59.57 59.63 59.61 59.58 59.63 59.78 59.66 59.77 59.73 59.76 59.75 59.69 59.71 59.67 59.73 59.77 59.83 59.83 60.61 59.84 59.77 59.74 59.55 58.34 58.34 58.34 58.36 58.38 58.38 58.38 58.34 58.38 58.4 58.35 58.38 58.38 58.32 58.4 58.34 58.36 58.38 58.36 58.38 58.34 58.36 58.35 58.39 58.34 58.37 58.36 58.35 58.38 58.36 58.35 58.36 58.39 58.36 58.32 58.4 58.4 58.29 58.38
59.86 59.85 59.73 59.74 59.71 59.72 59.76 59.74 59.71 59.62 59.69 59.75 59.73 59.69 59.52 59.48 59.52 59.56 59.53 59.56 59.52 59.61 59.63 59.79 59.71 59.72 59.75 59.6 59.65 59.67 59.66 59.73 59.74 59.77 60.44 59.96 59.76 59.7 59.46 58.36 58.37 58.37 58.36 58.36 58.35 58.34 58.33 58.39 58.33 58.35 58.31 58.36 58.33 58.32 58.34 58.44 58.35 58.38 58.36 58.38 58.38 58.37 58.37 58.36 58.37 58.33 58.36 58.39 58.38 58.39 58.34 58.34 58.36 58.4 58.39 58.36 58.38 58.36
59.85 59.77 59.64 59.74 59.64 59.65 59.7 59.68 59.67 59.59 59.63 59.65 59.56 59.73 59.53 59.4 59.41 59.55 59.56 59.54 59.52 59.57 59.65 59.7 59.65 59.68 59.69 59.68 59.56 59.65 59.7 59.75 59.66 59.74 59.69 59.74 59.77 59.74 58.97 58.37 58.38 58.38 58.39 58.39 58.38 58.38 58.34 58.39 58.36 58.33 58.32 58.34 58.32 58.37 58.35 58.33 58.36 58.35 58.38 58.39 58.37 58.32 58.31 58.39 58.37 58.34 58.36 58.33 58.4 58.36 58.37 58.37 58.38 58.38 58.35 58.4 58.34 58.37
59.83 59.71 59.68 59.66 59.53 59.59 59.6 59.6 59.56 59.51 59.45 59.52 59.51 59.39 59.38 59.42 59.21 59.41 59.48 59.55 59.49 59.49 59.61 59.65 59.62 59.6 59.63 59.69 59.63 59.63 59.65 59.65 59.64 59.69 59.72 59.73 59.75 59.69 58.58 58.4 58.44 58.41 58.4 58.39 58.4 58.4 58.35 58.36 58.37 58.38 58.39 58.34 58.34 58.35 58.36 58.38 58.29 58.36 58.34 58.37 58.39 58.36 58.31 58.37 58.34 58.34 58.35 58.32 58.36 58.34 58.37 58.37 58.36 58.39 58.35 58.39 58.34 58.4
59.82 59.73 59.69 59.6 59.51 59.62 59.52 59.47 59.5 59.45 59.4 59.45 59.32 59.26 59.31 59.36 59.33 59.32 59.39 59.44 59.45 59.54 59.63 59.56 59.73 59.54 59.54 59.57 59.6 59.58 59.61 59.61 59.65 59.72 59.76 59.75 59.7 59.43 58.57 58.49 58.42 58.4 58.37 58.35 58.36 58.27 58.31 58.39 58.39 58.4 58.36 58.36 58.35 58.37 58.41 58.4 58.38 58.36 58.34 58.35 58.37 58.36 58.35 58.39 58.35 58.37 58.34 58.38 58.36 58.39 58.39 58.36 58.34 58.36 58.38 58.37 58.36 58.32
59.82 59.67 59.53 59.54 59.43 59.46 59.46 59.43 59.36 59.37 59.36 59.34 59.25 59.25 59.3 59.28 59.27 59.34 59.39 59.4 59.49 59.59 59.49 59.6 59.65 59.55 59.49 59.49 59.51 59.69 59.66 59.79 59.63 59.7 59.73 59.74 59.71 58.55 58.39 58.42 58.43 58.45 58.35 58.37 58.31 58.36 58.35 58.34 58.35 58.35 58.35 58.43 58.35 58.35 58.37 58.39 58.31 58.34 58.37 58.38 58.35 58.3 58.39 58.36 58.34 58.38 58.34 58.36 58.41 58.34 58.34 58.39 58.36 58.34 58.35 58.35 58.4 58.35
59.7 59.69 59.58 59.42 59.45 59.5 59.43 59.42 59.34 59.26 59.26 59.26 59.16 59.21 59.27 59.34 59.26 59.28 59.31 59.33 59.47 59.51 59.42 59.46 59.45 59.43 59.44 59.39 59.54 59.52 59.57 59.51 59.57 59.75 59.73 59.73 59.36 58.33 58.29 58.32 58.35 58.38 58.37 58.34 58.37 58.33 58.39 58.36 58.32 58.35 58.33 58.36 58.35 58.31 58.31 58.37 58.41 58.34 58.37 58.37 58.29 58.38 58.35 58.36 58.38 58.32 58.39 58.37 58.35 58.29 58.39 58.34 58.32 58.36 58.35 58.37 58.31 58.37
59.64 59.59 59.56 59.45 59.39 59.44 59.39 59.37 59.3 59.18 59.21 59.2 59.2 59.17 59.24 59.32 59.29 59.31 59.26 59.34 59.46 59.42 59.38 59.35 59.44 59.42 59.45 59.41 59.44 59.56 59.56 59.59 59.58 59.69 59.75 59.7 58.32 58.35 58.34 58.23 58.22 58.26 58.39 58.35 58.38 58.38 58.36 58.36 58.34 58.38 58.35 58.35 58.37 58.34 58.34 58.34 58.36 58.37 58.38 58.36 58.38 58.33 58.37 58.37 58.34 58.33 58.37 58.37 58.37 58.38 58.34 58.36 58.36 58.36 58.3 58.36 58.35 58.35
59.57 59.58 59.54 59.42 59.4 59.35 59.39 59.35 59.35 59.24 59.18 59.15 59.12 59.15 59.26 59.19 59.23 59.28 59.27 59.36 59.38 59.26 59.35 59.26 59.42 59.38 59.43 59.4 59.46 59.57 59.54 59.63 59.55 59.72 59.73 59.17 58.33 58.36 58.37 58.32 58.21 58.32 58.36 58.33 58.37 58.41 58.38 58.35 58.35 58.35 58.37 58.35 58.35 58.37 58.39 58.32 58.32 58.34 58.37 58.38 58.32 58.39 58.36 58.42 58.37 58.36 58.29 58.34 58.37 58.35 58.35 58.34 58.36 58.36 58.37 58.36 58.34 58.37
59.66 59.53 59.5 59.4 59.36 59.32 59.24 59.26 59.23 59.22 59.23 59.17 59.16 59.07 59.08 59.17 59.24 59.17 59.26 59.37 59.34 59.31 59.34 59.3 59.26 59.39 59.42 59.39 59.44 59.53 59.55 59.54 59.55 59.76 59.68 58.3 58.39 58.35 58.38 58.38 58.38 58.37 58.39 58.37 58.36 58.35 58.36 58.34 58.37 58.4 58.36 58.34 58.35 58.35 58.36 58.39 58.39 58.35 58.33 58.39 58.36 58.34 58.33 58.38 58.39 58.37 58.37 58.36 58.35 58.36 58.34 58.35 58.35 58.33 58.37 58.37 58.38 58.37
59.69 59.53 59.51 59.43 59.37 59.37 59.33 59.33 59.31 59.27 59.22 59.17 59.13 59.23 59.08 59.07 59.17 59.2 59.31 59.29 59.28 59.27 59.19 59.35 59.27 59.39 59.41 59.41 59.52 59.51 59.49 59.51 59.75 59.72 58.97 58.35 58.36 58.35 58.4 58.41 58.32 58.4 58.38 58.37 58.37 58.35 58.36 58.33 58.38 58.33 58.35 58.34 58.37 58.36 58.35 58.34 58.36 58.4 58.37 58.36 58.36 58.36 58.37 58.37 58.37 58.37 58.38 58.36 58.37 58.36 58.39 58.37 58.39 58.4 58.37 58.32 58.36 58.36
59.69 59.6 59.51 59.44 59.35 59.38 59.31 59.32 59.28 59.27 59.23 59.12 59.1 59.05 59.11 59.08 59.13 59.19 59.27 59.23 59.23 59.3 59.32 59.18 59.34 59.44 59.52 59.42 59.52 59.52 59.5 59.6 59.73 59.58 58.38 58.39 58.39 58.36 58.34 58.32 58.36 58.42 58.35 58.36 58.37 58.37 58.38 58.38 58.37 58.4 58.37 58.37 58.39 58.37 58.35 58.37 58.32 58.37 58.38 58.35 58.37 58.4 58.36 58.31 58.34 58.34 58.34 58.37 58.36 58.36 58.36 58.38 58.36 58.38 58.42 58.46 58.33 58.35
59.7 59.66 59.6 59.45 59.38 59.33 59.3 59.23 59.23 59.22 59.15 59.1 59.05 59.06 59.1 59.11 59.09 59.23 59.22 59.23 59.28 59.21 59.26 59.28 59.38 59.58 59.5 59.57 59.64 59.83 59.51 59.78 59.69 58.68 58.38 58.34 58.37 58.35 58.36 58.38 58.35 58.36 58.37 58.39 58.33 58.36 58.35 58.32 58.35 58.36 58.37 58.37 58.38 58.31 58.34 58.33 58.3 58.35 58.36 58.35 58.32 58.34 58.33 58.37 58.34 58.36 58.4 58.35 58.35 58.34 58.37 58.34 58.36 58.34 58.36 58.39 58.32 58.38
59.72 59.67 59.6 59.5 59.44 59.37 59.33 59.25 59.17 59.12 58.95 59.07 59.02 59.01 59 59 59.11 59.25 59.23 59.28 59.28 59.31 59.45 59.57 59.6 59.64 59.61 59.57 59.61 59.68 59.8 59.7 59.14 58.41 58.41 58.4 58.39 58.37 58.37 58.38 58.35 58.37 58.37 58.38 58.36 58.38 58.35 58.37 58.35 58.32 58.34 58.37 58.36 58.36 58.35 58.39 58.36 58.35 58.37 58.37 58.35 58.33 58.32 58.38 58.36 58.35 58.4 58.34 58.36 58.36 58.39 58.39 58.36 58.33 58.33 58.35 58.4 58.32
59.75 59.7 59.63 59.52 59.43 59.39 59.39 59.32 59.19 59.03 58.96 58.91 58.86 58.87 59 59.08 59.16 59.17 59.23 59.3 59.34 59.42 59.57 59.69 59.72 59.77 59.77 59.63 59.64 59.78 59.46 59.35 58.33 58.3 58.29 58.29 58.28 58.29 58.35 58.35 58.36 58.37 58.39 58.35 58.32 58.37 58.38 58.36 58.36 58.38 58.39 58.38 58.36 58.37 58.34 58.34 58.42 58.31 58.36 58.36 58.32 58.39 58.36 58.33 58.33 58.35 58.4 58.35 58.4 58.32 58.38 58.37 58.33 58.35 58.34 58.37 58.37 58.35
59.82 59.76 59.64 59.51 59.45 59.41 59.37 59.32 59.32 59.15 59.14 59.24 58.92 58.92 59.07 59.17 59.13 59.22 59.29 59.43 59.47 59.54 59.61 59.69 59.76 59.85 59.8 59.79 59.74 59.75 58.98 58.55 58.54 58.3 58.26 58.26 58.3 58.35 58.38 58.36 58.36 58.36 58.41 58.37 58.38 58.4 58.37 58.35 58.38 58.38 58.41 58.35 58.35 58.36 58.38 58.37 58.38 58.37 58.37 58.36 58.35 58.37 58.39 58.35 58.35 58.34 58.38 58.35 58.36 58.33 58.36 58.35 58.38 58.33 58.41 58.38 58.29 58.41
59.82 59.79 59.68 59.6 59.51 59.45 59.44 59.32 59.27 59.16 59.38 59.35 59.26 59.12 59.15 59.24 59.14 59.19 59.4 59.48 59.59 59.64 59.74 59.74 59.82 59.86 59.84 59.78 59.63 58.56 58.29 58.44 58.47 58.35 58.27 58.27 58.33 58.4 58.37 58.38 58.39 58.34 58.37 58.36 58.37 58.37 58.41 58.37 58.37 58.36 58.36 58.35 58.34 58.38 58.34 58.33 58.38 58.36 58.39 58.37 58.35 58.31 58.36 58.37 58.39 58.37 58.36 58.34 58.35 58.39 58.31 58.38 58.37 58.37 58.4 58.41 58.38 58.33
59.88 59.83 59.72 59.6 59.58 59.52 59.48 59.4 59.3 59.34 59.31 59.3 59.2 59.11 59.24 59.28 59.34 59.48 59.55 59.64 59.71 59.74 59.75 59.8 59.8 59.78 59.78 58.94 58.35 58.38 58.31 58.33 58.4 58.35 58.33 58.34 58.35 58.38 58.38 58.4 58.35 58.38 58.36 58.36 58.35 58.34 58.39 58.34 58.38 58.34 58.36 58.35 58.37 58.34 58.39 58.39 58.38 58.37 58.43 58.38 58.38 58.35 58.34 58.36 58.35 58.39 58.36 58.38 58.37 58.39 58.35 58.36 58.35 58.37 58.37 58.37 58.36 58.41
59.92 59.87 59.82 59.68 59.57 59.51 59.42 59.46 59.37 59.27 59.19 59.16 59.13 59.23 59.31 59.42 59.48 59.56 59.56 59.62 59.71 59.74 59.72 59.69 59.75 59.28 58.38 58.31 58.34 58.35 58.38 58.35 58.36 58.37 58.35 58.41 58.34 58.31 58.37 58.35 58.38 58.33 58.38 58.38 58.36 58.37 58.3 58.3 58.38 58.37 58.37 58.36 58.35 58.36 58.36 58.36 58.35 58.4 58.35 58.35 58.36 58.39 58.35 58.36 58.41 58.35 58.36 58.37 58.34 58.34 58.35 58.36 58.38 58.41 58.37 58.38 58.39 58.32
59.93 59.91 59.83 59.69 59.61 59.64 59.79 59.84 59.58 59.42 59.19 59.15 59.18 59.31 59.34 59.58 59.54 59.56 59.6 59.59 59.84 59.66 59.69 59.32 58.53 58.47 58.38 58.36 58.36 58.37 58.39 58.34 58.36 58.33 58.35 58.33 58.32 58.4 58.4 58.33 58.37 58.35 58.35 58.35 58.41 58.35 58.38 58.34 58.36 58.35 58.36 58.35 58.4 58.38 58.37 58.37 58.36 58.36 58.39 58.32 58.3 58.35 58.36 58.4 58.38 58.41 58.38 58.37 58.39 58.41 58.4 58.37 58.35 58.36 58.3 58.34 58.38 58.36
60 59.9 59.82 59.72 59.63 59.71 59.82 59.79 59.86 59.81 59.36 59.22 59.28 59.39 59.55 59.72 59.8 59.7 59.67 59.66 59.67 60.27 59.79 58.65 58.36 58.38 58.34 58.34 58.35 58.36 58.37 58.38 58.35 58.38 58.38 58.33 58.36 58.37 58.37 58.37 58.37 58.36 58.36 58.38 58.37 58.35 58.35 58.34 58.36 58.33 58.35 58.36 58.36 58.38 58.32 58.34 58.38 58.34 58.36 58.38 58.35 58.34 58.39 58.35 58.4 58.37 58.36 58.35 58.34 58.39 58.37 58.37 58.39 58.39 58.38 58.42 58.37 58.35
60.04 59.99 59.87 59.8 59.72 59.82 59.86 59.75 59.8 59.74 59.35 59.28 59.37 59.67 60.09 60.63 60.54 59.89 59.66 59.72 60.25 59.74 59.36 58.6 58.38 58.34 58.32 58.33 58.33 58.34 58.37 58.38 58.37 58.37 58.35 58.28 58.37 58.37 58.39 58.36 58.36 58.38 58.37 58.36 58.33 58.38 58.36 58.38 58.36 58.35 58.33 58.37 58.36 58.35 58.34 58.36 58.34 58.41 58.33 58.36 58.35 58.36 58.4 58.35 58.35 58.35 58.35 58.38 58.37 58.36 58.32 58.38 58.44 58.37 58.36 58.34 58.35 58.35
59.97 59.99 59.96 59.82 59.74 59.85 59.83 59.83 59.8 59.4 59.26 59.36 59.52 60.17 60.91 60.95 60.33 59.66 60.02 60.2 59.89 59.63 59.09 58.43 58.33 58.32 58.31 58.31 58.32 58.33 58.33 58.39 58.37 58.39 58.39 58.39 58.38 58.34 58.39 58.36 58.35 58.38 58.35 58.39 58.36 58.36 58.34 58.35 58.32 58.35 58.36 58.37 58.37 58.37 58.37 58.36 58.37 58.36 58.37 58.39 58.36 58.35 58.33 58.35 58.36 58.36 58.37 58.37 58.34 58.36 58.38 58.36 58.37 58.37 58.36 58.38 58.29 58.37
60.11 60.01 59.9 59.76 59.81 59.87 59.83 59.79 59.83 59.59 59.34 59.37 59.86 60.97 61.04 60.32 59.56 59.76 60.14 59.86 59.6 59.27 58.99 58.52 58.32 58.28 58.29 58.3 58.31 58.34 58.4 58.42 58.37 58.36 58.37 58.35 58.33 58.36 58.37 58.36 58.35 58.39 58.35 58.39 58.34 58.38 58.36 58.32 58.35 58.37 58.31 58.36 58.37 58.43 58.35 58.32 58.34 58.41 58.39 58.37 58.32 58.33 58.38 58.37 58.34 58.34 58.38 58.37 58.35 58.35 58.34 58.34 58.36 58.36 58.39 58.36 58.3 58.38
60.21 60.03 59.93 59.72 59.78 59.79 59.8 59.81 59.81 59.45 59.31 59.42 60.63 60.99 60.22 59.63 59.72 59.84 59.97 59.64 59.38 59.06 58.74 58.35 58.28 58.27 58.3 58.34 58.37 58.36 58.37 58.36 58.37 58.37 58.36 58.3 58.37 58.37 58.25 58.37 58.34 58.36 58.31 58.35 58.37 58.36 58.37 58.34 58.39 58.37 58.33 58.36 58.33 58.36 58.37 58.39 58.37 58.38 58.39 58.36 58.37 58.34 58.39 58.37 58.33 58.35 58.38 58.35 58.38 58.36 58.36 58.34 58.39 58.34 58.4 58.36 58.32 58.34
60.19 60.03 59.95 59.69 59.79 59.83 59.78 59.77 59.6 59.42 59.36 59.75 61.15 60.17 59.62 59.68 59.74 58.69 58.83 58.98 59.12 58.9 58.56 58.3 58.3 58.32 58.33 58.36 58.36 58.36 58.36 58.35 58.46 58.39 58.36 58.39 58.37 58.41 58.35 58.34 58.33 58.37 58.37 58.37 58.35 58.36 58.34 58.4 58.37 58.44 58.33 58.38 58.37 58.31 58.31 58.37 58.38 58.29 58.32 58.33 58.29 58.42 58.36 58.35 58.37 58.34 58.38 58.39 58.37 58.39 58.37 58.35 58.36 58.33 58.36 58.38 58.37 58.39
60.24 60.11 59.94 59.72 59.62 59.54 59.62 59.72 59.44 59.46 59.34 60.68 60 59.58 59.62 60.31 58.28 58.3 58.27 58.28 58.28 58.25 58.27 58.27 58.27 58.31 58.28 58.27 58.32 58.33 58.34 58.38 58.38 58.37 58.39 58.39 58.38 58.39 58.38 58.39 58.37 58.36 58.44 58.34 58.35 58.36 58.36 58.36 58.36 58.35 58.33 58.36 58.37 58.35 58.36 58.35 58.33 58.36 58.36 58.36 58.34 58.39 58.4 58.39 58.36 58.37 58.38 58.32 58.39 58.37 58.38 58.37 58.34 58.34 58.37 58.36 58.38 58.37
60.29 60.08 59.94 59.77 59.63 59.59 59.52 59.49 59.4 59.33 59.35 60.23 59.54 59.59 59.71 58.22 58.24 58.27 58.29 58.29 58.27 58.25 58.26 58.28 58.33 58.24 58.29 58.26 58.3 58.34 58.36 58.4 58.37 58.35 58.41 58.34 58.29 58.37 58.36 58.34 58.39 58.36 58.34 58.37 58.37 58.37 58.37 58.36 58.39 58.38 58.37 58.31 58.34 58.36 58.33 58.28 58.37 58.31 58.37 58.38 58.37 58.37 58.38 58.34 58.39 58.36 58.38 58.37 58.36 58.37 58.35 58.38 58.34 58.34 58.34 58.37 58.35 58.37
60.28 60.11 59.99 59.81 59.69 59.64 59.57 59.52 59.38 59.34 60.12 59.46 59.55 59.65 60.3 58.23 58.22 58.24 58.26 58.28 58.3 58.29 58.27 58.3 58.29 58.28 58.3 58.27 58.29 58.3 58.36 58.39 58.33 58.36 58.37 58.31 58.36 58.34 58.37 58.39 58.41 58.36 58.44 58.36 58.37 58.34 58.36 58.38 58.32 58.4 58.35 58.35 58.39 58.36 58.39 58.38 58.36 58.37 58.36 58.37 58.36 58.35 58.4 58.38 58.42 58.34 58.34 58.38 58.36 58.34 58.38 58.35 58.36 58.38 58.38 58.37 58.41 58.37
60.29 60.03 59.93 59.84 59.72 59.64 59.58 59.46 59.34 59.37 59.49 59.47 59.6 59.69 58.76 58.26 58.25 58.24 58.24 58.26 58.27 58.29 58.29 58.32 58.27 58.29 58.31 58.29 58.26 58.33 58.37 58.34 58.37 58.37 58.33 58.36 58.35 58.38 58.37 58.38 58.42 58.34 58.38 58.37 58.36 58.36 58.34 58.36 58.32 58.36 58.35 58.34 58.35 58.35 58.35 58.37 58.36 58.14 58.37 58.35 58.34 58.38 58.35 58.36 58.34 58.36 58.37 58.34 58.33 58.36 58.37 58.33 58.37 58.36 58.39 58.38 58.36 58.37
60.43 60.25 60.09 59.91 59.77 59.57 59.47 59.39 59.43 59.42 59.45 59.49 59.65 60.24 58.87 58.43 58.37 58.31 58.26 58.26 58.25 58.28 58.25 58.29 58.28 58.31 58.26 58.32 58.38 58.3 58.29 58.37 58.36 58.35 58.32 58.36 58.37 58.38 58.37 58.36 58.36 58.39 58.4 58.35 58.36 58.35 58.33 58.39 58.34 58.3 58.37 58.37 58.37 58.4 58.31 58.38 58.38 58.41 58.34 58.37 58.39 58.37 58.37 58.4 58.37 58.37 58.36 58.38 58.37 58.33 58.37 58.37 58.34 58.34 58.36 58.35 58.34 58.34
60.55 60.3 60.12 59.96 59.8 59.74 59.57 59.45 59.46 59.4 59.57 59.73 59.72 59.37 58.64 58.63 58.57 58.51 58.46 58.4 58.34 58.28 58.3 58.27 58.26 58.31 58.29 58.29 58.36 58.35 58.33 58.34 58.35 58.37 58.36 58.38 58.35 58.37 58.33 58.35 58.36 58.35 58.37 58.37 58.38 58.36 58.38 58.32 58.4 58.38 58.37 58.38 58.36 58.37 58.39 58.35 58.38 58.34 58.38 58.33 58.36 58.36 58.29 58.36 58.39 58.38 58.37 58.35 58.37 58.35 58.35 58.36 58.31 58.35 58.36 58.37 58.4 58.34
