Dane przykładowe/DEM/NMT1.asc
ncols         438
nrows         476
xllcenter     359715
yllcenter     505265
cellsize      5
nodata_value  -9999
[rows 408 to 441 of 476, columns 312 to 389 of 438]
66.25 66.11 66.03 65.96 66 66.34 66.23 66.11 66.04 66.03 66.02 65.94 65.85 65.77 65.77 65.67 65.57 65.43 65.38 65.4 65.45 65.48 65.49 65.4 65.32 65.17 65.01 64.85 64.69 64.6 64.55 64.77 64.79 65.34 65.84 66.33 66.22 66.28 66.31 66.31 66.32 66.28 66.3 65.09 64.82 64.82 64.81 64.68 64.68 64.74 64.8 64.81 64.88 64.94 65.06 65.44 65.33 65.36 65.28 64.35 64.13 64.8 65.46 65.44 65.4 65.43 65.46 65.49 65.46 65.42 65.42 65.41 65.74 65.46 65.69 67.45 67.73 67.85
66.22 66.16 66.05 65.99 66.01 66.04 66 66.08 66.09 66.08 66.02 65.94 65.88 65.84 65.84 65.63 65.54 65.43 65.39 65.43 65.46 65.49 65.53 65.51 65.24 65.08 64.92 64.77 64.7 64.6 64.53 64.77 64.76 65.3 65.84 66.04 66.21 66.31 66.32 66.3 66.31 66.3 64.91 64.84 64.81 64.77 64.77 64.82 64.74 64.81 64.8 64.83 64.88 64.95 65.1 65.45 65.4 65.42 65.39 65.13 64.92 65.58 65.53 65.48 65.43 65.43 65.46 65.49 65.49 65.45 65.42 65.42 65.59 65.61 65.81 66.56 67.35 67.29
66.14 66.06 66.02 66.04 66.09 66.08 66.1 66.09 66.08 65.99 65.96 65.92 65.85 65.89 65.76 65.66 65.46 65.43 65.48 65.49 65.49 65.52 65.59 65.56 65.27 64.97 64.79 64.68 64.62 64.6 64.52 65.09 64.75 64.78 64.8 65.13 66.23 66.28 66.34 66.37 66.36 66.29 64.96 64.9 64.84 64.81 64.77 64.81 64.8 64.68 64.69 64.85 64.91 65.01 65.12 65.46 65.5 65.49 65.5 65.62 65.65 65.58 65.64 65.51 65.4 65.43 65.42 65.45 65.47 65.44 65.45 65.44 65.76 65.83 65.73 65.68 67.4 67.83
66.08 65.97 65.89 65.94 66.08 66.03 66.1 66.1 66.11 66.06 66.01 65.98 65.91 65.93 65.84 65.68 65.53 65.58 65.59 65.52 65.56 65.57 65.54 65.52 65.24 64.95 64.71 64.67 64.66 64.56 64.49 64.69 64.87 65.41 65.96 66.4 66.34 66.38 66.34 66.36 66.32 66.34 64.97 64.95 64.89 64.88 64.86 64.88 64.96 64.76 64.85 64.8 64.99 64.99 65.06 65.47 65.49 65.45 65.49 65.46 65.48 65.53 65.47 65.45 65.33 65.35 65.41 65.42 65.46 65.47 65.45 65.6 65.72 66.01 65.76 65.67 66.55 67.49
66.16 66.06 65.94 66.11 66.01 66.09 66.06 66.08 66.09 66.01 65.94 66.02 65.92 65.84 65.75 65.57 65.57 65.63 65.61 65.61 65.65 65.69 65.54 65.42 65.23 65.02 64.8 64.54 64.62 64.54 64.68 64.71 64.94 65.4 65.89 66.35 66.38 66.3 66.39 66.34 66.34 66.34 66.31 66.05 64.93 65.4 64.84 64.84 64.86 64.88 64.85 64.89 65.18 65.07 65.16 65.24 65.31 65.4 65.5 65.48 65.47 65.42 65.4 65.36 65.35 65.31 65.49 65.41 65.44 65.43 65.47 65.58 66 65.99 66.1 65.73 65.88 67.38
66.11 66.17 66.08 66.11 66.02 66.06 66.06 66.1 66.04 65.96 65.85 65.97 65.89 65.84 65.67 65.65 65.67 65.62 65.62 65.59 65.6 65.63 65.49 65.37 65.19 65 64.81 64.36 64.61 64.54 64.58 64.7 65.05 65.48 65.94 66.28 66.26 66.28 66.34 66.4 66.37 66.31 66.38 65.47 64.99 64.94 64.89 64.85 64.84 64.84 64.91 64.92 65.05 65.13 65.19 65.22 65.23 65.3 65.4 65.48 65.47 65.49 65.47 65.42 65.37 65.29 65.28 65.4 65.53 65.4 65.51 65.6 65.75 66.06 66.14 65.93 65.89 66.58
66.12 66.34 66.19 66.07 66.14 66.07 66.07 66.05 66.02 65.96 65.93 65.9 65.93 65.79 65.63 65.62 65.64 65.64 65.64 65.62 65.56 65.55 65.51 65.34 65.14 64.96 64.78 64.3 64.63 64.6 64.64 64.73 65.17 65.59 66.03 66.3 66.33 66.37 66.19 66.35 66.41 66.29 66.37 65 64.99 65.02 65.06 65.02 64.99 64.95 65.01 65.04 65.09 65.05 65.06 65.27 65.14 65.22 65.29 65.46 65.69 65.61 65.51 65.36 65.54 65.31 65.67 65.26 65.32 65.36 65.41 65.58 65.67 65.9 66.12 66.11 65.93 65.87
66.16 66.15 66.22 66.08 66.04 66.05 66.05 66.03 66.01 65.94 65.91 65.88 65.87 65.89 65.67 65.55 65.56 65.61 65.65 65.6 65.54 65.47 65.55 65.35 65.16 64.96 64.76 64.37 64.66 64.58 64.67 64.77 65.23 65.69 66.26 66.34 66.37 66.25 66.34 66.39 66.32 66.36 66.45 66.31 64.98 65.3 65.41 65.03 64.92 65 64.95 65.35 65.86 65.9 65.78 65.18 65.3 65.26 65.6 66.36 66.1 66.24 66.03 66.99 66.98 65.44 65.29 65.23 65.38 65.48 65.53 65.52 65.63 65.77 65.87 66.1 66.13 66.06
66.08 66.18 66.16 66.13 66.03 66 65.98 65.95 66 65.99 65.92 65.89 65.87 65.71 65.66 65.51 65.65 65.59 65.6 65.62 65.63 65.46 65.48 65.3 65.12 64.92 64.73 64.47 64.63 64.57 64.68 64.7 64.87 65.5 66.14 66.32 66.28 66.36 66.29 66.28 66.39 66.32 66.33 66.35 65.6 65.98 65.84 66.12 65.97 66.91 67.01 66.95 66.49 66.27 66.5 66.39 66.95 66.94 66.94 66.7 66.51 66.67 66.83 66.9 66.97 65.36 65.33 65.34 65.42 65.53 65.6 65.49 65.67 65.72 65.85 65.94 66.19 66.17
66.03 65.98 66 65.95 65.93 65.97 65.89 65.85 65.83 65.87 65.84 65.78 65.79 65.65 65.7 65.51 65.53 65.55 65.65 65.68 65.67 65.5 65.49 65.29 65.1 64.91 64.72 64.46 64.6 64.51 64.74 64.77 64.79 64.8 64.85 66.31 66.34 66.31 66.41 66.31 66.32 67 66.86 66.84 66.75 66.44 66.37 66.57 66.97 66.88 66.91 66.94 66.88 66.76 67 67.04 66.9 66.96 66.91 67.04 66.93 67.06 66.97 66.92 66.98 65.38 65.43 65.56 66.11 65.78 65.46 65.52 65.67 65.75 65.81 65.93 65.94 66.19
66.13 66.06 66.01 65.92 65.89 65.84 65.81 65.77 65.74 65.77 65.75 65.63 65.69 65.64 65.5 65.51 65.51 65.53 65.55 65.58 65.65 65.63 65.47 65.29 65.11 64.92 64.66 64.56 64.54 64.79 64.74 64.74 65.15 65.82 66.35 66.4 66.35 66.3 66.26 66.25 66.37 66.93 66.87 66.84 66.91 66.9 66.91 66.96 67.11 66.88 66.92 66.9 67.07 67.18 67.12 66.92 66.81 66.97 66.95 67.09 66.97 66.94 66.97 66.98 66.97 66.98 66.89 66.88 66.49 66.04 65.59 65.51 65.62 65.79 65.83 65.91 66.01 66.05
66.23 66.17 66.06 66.02 65.95 65.88 65.83 65.8 65.71 65.71 65.67 65.61 65.66 65.51 65.51 65.47 65.49 65.52 65.54 65.53 65.66 65.59 65.44 65.23 65.04 64.86 64.46 64.6 64.58 64.5 64.7 64.89 65.35 65.82 66.29 66.22 66.36 66.28 66.28 66.33 66.26 66.94 66.85 66.83 66.88 67.13 66.91 66.94 66.91 66.93 66.91 66.91 66.92 66.96 66.93 66.92 66.9 66.97 66.94 66.98 66.98 66.99 66.97 66.95 67.07 66.95 66.92 66.87 66.59 66.08 65.56 65.5 65.66 65.78 65.88 65.94 66.05 66.09
66.37 66.24 66.16 66.08 66.02 65.97 65.9 65.83 65.78 65.78 65.67 65.69 65.56 65.5 65.46 65.48 65.49 65.49 65.5 65.66 65.66 65.61 65.45 65.23 65.01 64.86 64.35 64.68 64.56 64.59 64.69 64.99 65.44 65.89 66.29 66.28 66.38 66.36 66.34 66.36 66.36 66.92 66.85 66.95 66.95 66.94 66.94 66.96 66.88 66.84 66.87 66.95 66.91 66.91 66.92 66.92 66.96 66.89 66.98 66.97 67.08 66.92 66.83 66.88 67.06 67.09 66.89 66.88 66.54 66.03 65.59 65.49 65.68 65.82 65.87 66.02 66.04 66.17
66.13 66.15 66.14 66.24 66.1 66.06 66.01 65.95 65.87 65.83 65.77 65.74 65.61 65.58 65.54 65.44 65.47 65.45 65.46 65.57 65.62 65.55 65.41 65.26 65.06 64.88 64.42 64.68 64.55 64.65 64.72 65.03 65.46 65.9 66.25 66.3 66.35 66.3 66.29 66.27 66.32 66.69 66.87 66.85 66.95 66.89 66.94 66.96 66.87 66.87 66.96 67.06 66.92 66.95 66.95 67.02 67.01 66.96 67.24 66.89 66.9 66.88 66.81 66.72 66.74 66.79 66.68 66.64 66.28 65.95 65.56 65.49 65.73 65.82 65.88 66.01 66.11 66.16
66.13 66.09 66.05 66 65.98 66 66.04 66.08 66.07 65.92 65.87 65.77 65.57 65.54 65.48 65.5 65.51 65.56 65.55 65.5 65.51 65.49 65.35 65.2 65.05 64.9 64.48 64.61 64.52 64.68 64.73 65.21 65.69 66.06 66.25 66.24 66.35 66.29 66.41 66.29 66.32 66.42 66.89 66.81 66.75 66.54 66.76 66.85 66.8 66.66 66.8 66.47 66.55 66.37 66.38 66.74 66.55 66.5 66.6 66.44 66.42 65.96 65.82 66.2 66.29 66.22 66.23 66.19 65.89 65.56 65.66 65.5 65.72 65.79 65.88 66 66.08 66.13
65.99 66.03 66.04 66.02 65.97 65.95 66 66.05 66.03 65.96 65.81 65.53 65.49 65.48 65.53 65.53 65.59 65.58 65.62 65.54 65.49 65.44 65.3 65.15 65.01 64.78 64.52 64.62 64.63 64.9 64.88 65.37 65.85 66.25 66.33 66.28 66.26 66.29 66.29 66.24 66.28 66.4 66.31 66.2 65.88 65.69 66.19 66.29 66.21 66.01 65.88 65.87 65.73 65.39 65.44 66.26 66 66.01 65.96 65.92 65.78 65.1 64.88 65.69 65.94 65.65 65.72 65.63 65.62 65.62 65.51 65.51 65.72 65.79 65.88 66.03 66.1 66.15
65.98 66.06 66.12 66.04 66 66 66 66.02 66.05 65.96 65.88 65.48 65.45 65.63 65.55 65.54 65.53 65.61 65.56 65.59 65.54 65.4 65.26 65.12 64.98 64.62 64.59 64.65 64.5 64.69 64.66 65.07 65.51 65.96 65.79 66.38 66.34 66.39 66.29 66.28 66.29 66.3 65.53 65.59 65.05 64.83 65.62 65.69 65.61 65.39 65.27 65.39 64.91 64.39 64.73 65.8 65.51 65.43 65.9 66.08 65.54 64.68 64.2 65.18 65.6 65.59 65.63 65.66 65.7 65.51 65.55 65.54 65.72 65.8 65.91 66.03 66.11 66.14
66.09 66.14 66.06 66.06 66.08 66.05 66.1 66.05 65.91 65.78 65.58 65.47 65.53 65.47 65.53 65.51 65.55 65.59 65.5 65.52 65.49 65.35 65.22 65.09 64.94 64.51 64.69 64.61 64.64 64.7 64.74 64.78 64.72 65.04 65.44 65.94 65.79 65.22 66.33 63 64.03 64.99 65.08 65.05 64.29 63.97 65.12 65.2 65.25 65.27 65.35 65.46 66.01 64.39 64.99 65.79 65.4 65.43 65.39 65.53 65.49 65.42 65.2 65.42 65.52 65.5 65.53 65.47 65.49 65.54 65.48 65.8 65.85 65.86 65.93 66 66.04 66.12
66.2 66.08 66.12 66.16 66.16 65.84 65.8 65.75 65.71 65.61 65.7 65.81 65.51 65.49 65.46 65.64 65.57 65.58 65.62 65.58 65.56 65.39 65.23 65.06 64.92 64.86 64.73 64.69 64.73 64.7 64.68 64.72 64.76 64.71 64.91 65.39 65.41 64.93 64.77 63.43 63.45 64.99 65.03 65.06 65.21 64.72 65.05 65.15 65.1 65.1 65.16 65.18 65.16 65.09 65.07 65.19 65.17 65.15 65.16 65.26 65.34 65.33 65.24 65.29 65.25 65.26 65.37 65.35 65.36 65.37 65.38 65.71 65.81 65.88 65.94 65.98 66.03 66.11
66.18 66.23 66.2 66.29 66.64 66.24 66.43 66.18 66.1 65.99 65.86 65.83 65.96 65.62 65.51 65.68 65.69 65.68 65.52 65.54 65.47 65.32 65.18 65.03 65.03 65.24 64.87 64.7 64.75 64.75 64.74 64.66 64.69 64.71 64.75 64.84 65.02 64.75 64.69 64.16 64.22 64.93 64.83 64.81 64.95 64.84 64.95 64.9 64.91 64.92 64.98 65 64.98 65 64.99 64.99 64.96 65.04 65.07 65.08 65.1 65.15 65.17 65.18 65.21 65.24 65.28 65.33 65.35 65.39 65.4 65.75 65.81 65.86 65.9 65.96 66.04 66.08
66.21 66.29 66.29 66.28 66.27 66.23 66.27 66.15 66.1 66.13 66.05 66.02 65.95 65.88 65.83 65.81 65.74 65.62 65.87 65.69 65.57 65.29 65.15 65 65.17 65.38 65.16 64.76 64.97 64.67 64.63 64.62 64.59 64.5 64.87 64.64 64.62 64.6 64.6 64.62 64.63 64.66 64.68 64.71 64.76 64.77 64.81 64.81 64.86 64.91 64.92 64.93 64.94 64.94 64.95 65 65.02 65.05 65.07 65.12 65.18 65.22 65.25 65.26 65.29 65.33 65.36 65.44 65.44 65.47 65.52 65.74 65.83 65.85 65.88 65.9 65.99 66
66.38 66.41 66.42 66.42 66.43 66.4 66.31 66.27 66.21 66.16 66.09 66.03 65.95 65.8 65.83 65.78 65.77 65.76 65.77 65.77 65.6 65.3 65.12 65.11 65.26 65.27 65.02 64.8 64.69 64.59 64.55 64.5 64.47 64.48 64.46 64.53 64.57 64.58 64.57 64.62 64.55 64.67 64.71 64.75 64.75 64.81 64.85 64.87 64.92 64.96 65.02 65 65.07 65.18 65.21 65.13 65.07 65.27 65.33 65.5 65.53 65.55 65.59 65.61 65.62 65.64 65.65 65.64 65.62 65.68 65.74 65.75 65.83 65.81 65.92 65.89 65.92 66.01
66.47 66.51 66.29 66.31 66.4 66.29 66.39 66.33 66.46 66.3 65.87 65.81 65.69 65.92 65.57 65.6 65.41 65.53 65.41 65.41 65.32 65.23 65.09 65.12 65.22 65.19 64.97 64.87 64.73 64.61 64.57 64.54 64.59 64.59 64.56 64.6 64.62 64.68 64.71 64.72 64.84 64.78 64.87 65.05 65.22 65.3 65.39 65.39 65.44 65.43 65.36 65.38 65.42 65.48 65.49 65.48 65.5 65.53 65.56 65.59 65.65 65.68 65.76 65.58 65.63 65.71 65.75 65.7 65.73 65.72 65.74 65.76 65.83 65.82 65.86 65.91 65.93 65.98
66.1 66.54 66.42 66.51 66.16 66.1 66.07 66.66 66.29 66.27 65.91 65.89 65.62 65.59 65.59 65.53 65.41 65.32 65.31 65.25 65.24 65.19 65.17 65.24 65.48 65.58 65.34 65.41 65.09 65.56 65.54 65.63 65.57 65.34 64.86 64.4 65.34 65.23 65.21 65.2 65.2 65.22 65.26 65.32 65.46 65.71 65.49 65.49 65.43 65.46 65.5 65.53 65.55 65.58 65.57 65.59 65.6 65.59 66.01 65.85 65.63 65.78 65.71 65.51 65.54 65.71 65.82 65.77 65.77 65.71 65.71 65.77 65.86 65.88 65.89 65.89 65.91 65.98
65.74 65.83 65.9 66.03 66.66 66.03 66.03 66.06 66.26 66.25 65.91 66.07 65.79 65.64 65.62 65.6 65.36 65.37 65.32 65.35 65.33 65.31 65.29 65.27 65.37 65.53 65.38 65.38 65.39 65.46 65.49 65.52 65.59 65.36 64.74 64.06 65.16 65.16 65.21 65.21 65.21 65.32 65.31 65.38 65.42 65.38 65.45 65.55 65.43 65.47 65.72 65.86 66.2 66.34 66.25 65.98 66.59 66.87 66.49 66.12 65.76 65.74 65.59 65.47 65.41 65.71 65.81 65.95 66.17 66.38 66.26 66.13 65.82 65.81 65.88 65.84 65.93 65.95
63.84 64.22 65.32 65.67 65.98 66.19 65.98 66.1 66.19 66.2 65.95 65.89 65.87 65.74 65.66 65.62 65.53 65.46 65.42 65.32 65.34 65.35 65.36 65.37 65.37 65.39 65.82 65.69 65.63 65.67 65.76 66.05 66.25 66.35 66.38 63.41 65.64 66.39 66.33 66.28 65.76 65.48 65.38 65.41 65.44 65.29 65.43 65.62 65.46 65.74 66.05 66.37 66.88 66.9 66.92 66.92 66.92 66.98 66.64 66.22 65.8 65.87 65.65 65.43 65.44 65.64 65.85 66.35 66.73 67.15 67.33 67.28 67.22 66.68 65.89 65.78 65.91 65.93
64.04 63.92 63.72 63.98 64.73 65.77 66.04 65.93 65.91 65.81 65.77 65.81 65.78 65.84 65.84 65.73 65.59 65.57 65.43 65.41 65.39 65.35 65.34 65.35 65.37 65.47 65.69 65.82 65.93 65.98 66.04 66.35 66.35 66.33 66.38 66.4 66.36 66.38 66.41 66.35 66.05 65.79 65.42 65.39 65.34 65.25 65.36 65.52 65.57 65.95 66.37 66.87 66.95 66.92 66.86 66.88 66.91 67.04 66.66 66.28 65.94 65.73 65.6 65.45 65.36 65.53 65.8 66.16 66.61 67.12 67.14 67.35 67.28 66.05 66.24 66.07 65.92 65.87
63.83 63.85 63.93 63.93 63.79 63.82 64.77 65.9 65.9 65.88 65.92 65.79 65.85 65.87 65.92 65.77 65.58 65.57 65.6 65.5 65.47 65.43 65.38 65.37 65.39 65.48 65.77 65.85 66.01 66.19 66.37 66.31 66.34 66.55 66.35 66.32 66.35 66.34 66.37 66.58 66.21 65.81 65.41 65.32 65.33 65.22 65.31 65.39 65.49 66.14 66.41 66.65 66.89 66.89 66.98 66.87 66.92 66.85 66.6 66.31 66.02 65.8 65.76 65.55 65.37 65.56 65.9 66.2 66.69 67.17 67.21 67.35 67.24 65.99 65.98 65.99 65.95 66.02
65.82 64.69 63.85 63.83 63.92 63.93 63.95 64.09 65.01 66.07 65.96 65.9 65.9 65.85 65.78 65.67 65.6 65.62 65.76 65.67 65.58 65.47 65.4 65.37 65.42 65.47 65.73 65.86 66.03 66.19 66.37 66.45 66.36 66.37 66.39 66.19 66.36 66.37 66.36 66.32 66.02 65.69 65.34 65.41 65.34 65.21 65.26 65.35 65.43 65.77 66.26 66.74 66.87 66.92 66.96 66.93 66.93 66.86 66.61 66.31 66 65.83 65.77 65.59 65.46 65.55 65.89 66.22 66.65 67.09 67.3 67.31 67.31 66.27 65.91 65.89 65.86 65.97
66.33 66.3 66.15 64.68 63.86 63.83 63.97 63.96 64.04 64.36 65.27 66.12 66.32 66.01 66.11 65.85 65.62 65.71 65.81 65.57 65.53 65.49 65.44 65.37 65.42 65.51 65.75 65.92 66.1 66.3 66.41 66.38 66.37 66.35 66.4 66.35 66.36 66.37 66.37 66.3 65.99 65.64 65.31 65.32 65.28 65.19 65.24 65.44 65.49 65.81 66.32 66.75 66.98 66.94 66.94 66.97 66.93 66.94 66.66 66.37 66.11 65.98 65.81 65.66 65.52 65.61 65.9 66.06 66.53 67 67.21 67.24 67.28 66.18 65.93 66.66 66.13 65.97
66.51 66.46 66.33 66.3 65.88 64.84 63.93 63.89 64.13 64.03 64.18 64.5 65.79 65.99 66.12 66.07 65.73 65.78 65.8 65.54 65.41 65.37 65.33 65.34 65.45 65.64 65.75 65.94 66.14 66.34 66.38 66.3 66.38 66.39 66.37 66.38 66.33 66.34 66.36 66.31 66.22 65.77 65.41 64.12 65.19 65.18 65.22 65.32 65.42 65.72 66.17 66.62 66.93 66.95 66.87 66.84 66.9 66.89 66.74 66.45 66.31 66 65.88 65.81 65.59 65.79 65.91 66.08 66.58 67.05 67.28 67.29 67.27 66.88 67.47 67.03 66.49 66.45
66.51 66.48 66.48 66.4 66.27 66.17 65.9 64.66 64.07 63.95 64.14 64.18 64.31 64.86 65.95 66.03 65.88 65.83 65.8 65.55 65.29 65.31 65.33 65.4 65.42 65.73 65.83 65.97 66.15 66.37 66.3 66.29 66.38 66.32 66.32 66.43 66.37 66.33 66.37 66.32 66.08 65.78 65.55 65.22 65.27 65.17 65.17 65.3 65.42 65.61 66.14 66.6 66.86 66.87 66.88 66.94 66.87 66.92 66.97 67.08 67.19 66.07 65.97 65.77 65.64 65.73 65.98 65.89 66.74 67.29 67.24 67.37 67.27 67.24 67.28 67.35 66.94 66.93
66.52 66.48 66.46 66.49 66.41 66.42 66.18 66.11 65.98 64.25 64.01 64.13 64.23 64.31 64.3 65.33 65.99 65.95 65.79 65.55 65.47 65.45 65.36 65.41 65.45 65.71 65.89 65.99 66.14 66.29 66.28 66.29 66.32 66.34 66.32 66.31 66.36 66.41 66.38 66.3 66.29 66.24 66.17 65.24 65.27 65.15 65.15 65.24 65.39 65.65 66.43 66.93 66.86 66.89 66.93 66.98 66.96 66.95 66.91 67.01 66.84 66.05 66.02 65.97 65.77 65.88 65.97 65.83 65.76 67.28 67.3 67.47 67.29 67.27 67.23 67.34 67.41 66.82
66.51 66.53 66.48 66.44 66.43 66.39 66.32 66.31 66.13 66.1 65.28 64.15 64.19 64.33 64.36 64.49 64.89 65.87 65.77 65.67 65.65 65.63 65.59 65.57 65.61 65.75 65.92 65.96 66.08 66.18 66.17 66.27 66.21 66.33 66.31 66.31 66.36 66.35 66.36 66.38 66.39 66.35 66.53 64.63 65.22 65.12 65.12 65.22 65.31 65.26 65.3 66.88 66.82 66.82 66.88 66.74 66.76 66.68 66.89 66.87 66.93 66 66.04 65.97 65.79 65.85 65.76 64.86 64.51 67.28 67.25 67.36 67.27 67.3 67.22 67.17 67.33 67.2
