Dane przykładowe/DEM/NMT2.asc
ncols         439
nrows         476
xllcenter     357520
yllcenter     503010
cellsize      5
nodata_value  -9999
[rows 340 to 373 of 476, columns 234 to 311 of 439]
54.79 54.82 54.81 54.81 54.81 54.67 54.56 53.6 54.59 54.74 55 54.77 54.81 54.83 54.78 54.76 54.72 54.65 54.75 54.72 54.79 54.96 54.96 54.77 54.84 54.92 55.03 55.01 55.11 55.2 55.13 55.11 54.86 54.88 54.86 54.81 54.87 54.87 54.84 54.86 54.78 54.71 54.72 54.69 54.56 54.61 54.57 54.56 54.52 54.46 54.59 54.53 54.47 54.52 54.46 54.45 54.53 54.5 54.44 54.43 55.38 57.51 57.44 57.46 57.39 57.29 57.45 57.31 57.11 56.69 56.49 56.55 56.49 56.35 56.42 56.62 56.47 56.45
54.8 54.79 54.74 54.88 54.81 54.54 53.23 54.52 54.62 54.76 54.81 54.83 54.81 54.82 54.83 54.82 54.83 54.84 54.75 54.81 54.92 54.92 54.87 54.83 54.95 54.98 54.96 54.94 55 54.98 55 54.82 54.82 54.8 54.71 54.53 54.97 54.94 54.8 54.98 54.72 54.7 54.69 54.53 54.53 54.55 54.5 54.53 54.39 54.37 54.31 54.38 54.39 54.47 54.51 54.47 54.5 54.67 54.65 54.45 56.2 57.42 57.33 57.47 57.31 57.34 57.42 57.37 56.69 56.59 56.44 56.44 56.32 56.32 56.58 56.38 56.33 56.28
54.79 54.89 54.85 55.01 54.85 53.63 54.61 54.64 54.71 54.76 54.84 54.83 54.88 54.91 54.86 54.8 54.89 54.76 54.81 54.91 54.99 54.89 54.8 54.85 54.95 54.94 54.95 54.96 54.93 54.93 54.91 54.8 54.83 54.72 54.6 54.52 54.61 54.53 54.71 54.82 54.72 54.51 54.56 54.53 54.42 54.53 54.46 54.49 54.51 54.3 54.34 54.53 54.51 54.54 54.32 54.38 54.5 54.55 54.47 54.48 57.21 57.4 57.33 57.48 57.07 57.39 57.41 57.1 56.75 56.52 56.47 56.38 56.28 56.24 56.34 56.36 56.37 56.18
54.8 54.78 54.74 54.83 54.3 54.51 54.62 54.68 54.76 54.72 54.84 54.78 54.96 54.85 54.79 54.83 54.85 54.86 54.8 54.91 54.92 54.99 54.87 54.85 54.94 54.85 54.86 54.91 54.86 54.87 54.93 54.77 54.79 54.67 54.53 54.53 54.52 54.53 54.58 54.56 54.42 54.54 54.51 54.54 54.43 54.6 54.44 54.25 54.26 54.21 54.24 54.5 54.3 54.57 54.39 54.35 54.39 54.38 54.34 55.08 57.3 57.38 57.4 57.45 57.12 57.39 57.34 57.13 56.63 56.62 56.36 56.23 56.22 56.27 56.28 56.27 56.22 56.19
54.85 54.89 54.81 54.46 54.71 54.8 54.99 54.94 54.87 54.89 54.87 54.79 54.79 55.01 54.79 54.9 54.85 54.9 54.82 54.89 54.91 54.96 54.76 54.78 54.77 54.74 54.8 54.78 54.78 54.9 54.86 54.76 54.66 54.56 54.56 54.54 54.49 54.52 54.46 54.47 54.5 54.59 54.59 54.52 54.67 54.6 54.39 54.34 54.29 54.17 54.34 54.29 54.22 54.28 54.46 54.42 54.4 54.41 54.34 55.7 57.36 57.37 57.43 57.49 57.29 57.4 57.37 56.68 56.6 56.54 56.34 56.02 56.17 56.32 56.32 56.24 56.27 56.1
54.78 54.99 54.63 54.27 54.87 54.86 54.95 54.94 54.86 54.94 54.95 54.86 54.94 54.92 54.88 55.09 54.99 54.77 54.81 54.84 54.88 54.8 54.74 54.74 54.73 54.73 54.72 54.68 54.62 54.78 54.68 54.7 54.74 54.54 54.55 54.5 54.47 54.45 54.49 54.4 54.44 54.44 54.41 54.4 54.49 54.49 54.47 54.33 54.39 54.26 54.21 54.31 54.29 54.46 54.47 54.39 54.39 54.46 54.35 56.56 57.39 57.35 57.5 57.4 57.31 57.38 57.41 56.04 56.54 56.38 56.21 54.76 56.15 56.25 56.16 56.1 56.13 56.05
54.83 54.32 53.67 54.61 54.77 54.83 54.79 54.84 54.87 54.91 54.88 54.73 54.95 54.86 54.86 54.96 54.98 54.82 54.8 54.91 54.76 54.67 54.85 54.73 54.82 54.73 54.67 54.63 54.57 54.64 54.61 54.72 54.63 54.57 54.53 54.53 54.53 54.6 54.38 54.43 54.43 54.38 54.35 54.35 54.43 54.49 54.38 54.4 54.37 54.28 54.42 54.44 54.37 54.51 54.45 54.5 54.38 54.35 54.46 57.27 57.41 57.45 57.49 57.03 57.37 57.33 57.26 56.5 56.49 56.3 56.26 54.68 55.97 55.86 56.01 56.01 55.84 55.93
54.75 54.66 54.62 54.67 54.72 54.71 54.85 54.79 54.77 54.67 54.66 54.73 54.72 54.74 54.88 54.87 54.68 54.61 54.84 54.9 54.73 54.65 54.73 54.79 54.75 54.76 54.73 54.64 54.62 54.61 54.69 54.66 54.62 54.63 54.61 54.6 54.51 54.47 54.35 54.47 54.38 54.43 54.45 54.37 54.4 54.42 54.31 54.32 54.35 54.26 54.36 54.88 54.8 54.6 54.42 54.37 54.43 54.2 55.18 57.33 57.36 57.49 57.46 57.16 57.4 57.37 57.08 56.02 56.69 56.06 55.86 54.82 55.79 55.76 56.25 56.21 55.8 55.87
54.76 54.67 54.74 54.69 54.72 54.71 54.66 54.7 54.71 54.71 54.59 54.63 54.6 54.68 54.74 54.78 54.71 54.63 54.85 54.8 54.62 54.63 54.74 54.75 54.79 54.79 54.75 54.64 54.65 54.61 54.63 54.7 54.61 54.64 54.6 54.55 54.54 54.51 54.49 54.52 54.49 54.44 54.31 54.39 54.37 54.36 54.36 54.39 54.25 54.46 54.52 54.42 54.39 54.46 54.42 54.45 54.46 54.29 56.02 57.36 57.48 57.49 57.52 57.29 57.43 57.3 54.77 54.23 54.85 54.19 54.7 53.48 55.41 55.73 55.89 55.55 55.59 55.64
54 54.7 54.69 54.73 54.7 54.78 54.79 54.71 54.72 54.77 54.6 54.68 54.61 54.69 54.7 54.79 54.73 54.65 54.7 54.68 54.63 54.65 54.64 54.7 54.47 54.72 54.77 54.57 54.71 54.71 54.66 54.71 54.62 54.65 54.6 54.5 54.52 54.46 54.53 54.54 54.6 54.54 54.46 54.39 54.4 54.42 54.31 54.27 54.26 54.39 54.45 54.36 54.49 54.42 54.46 54.47 54.43 54.34 57.02 57.46 57.5 57.53 57.28 57.39 57.41 56.83 54.37 54.39 54.2 53.55 53.02 52.68 54.28 55.49 55.72 55.65 55.63 55.57
54.53 54.75 54.63 54.76 54.6 54.67 54.67 54.71 54.87 54.81 54.59 54.66 54.63 54.69 54.73 54.77 54.62 54.65 54.72 54.65 54.63 54.62 54.67 54.54 54.61 54.71 54.72 54.68 54.76 54.84 54.77 54.59 54.61 54.69 54.6 54.5 54.59 54.61 54.49 54.51 54.51 54.38 54.29 54.41 54.37 54.39 54.34 54.35 54.38 54.47 54.71 54.39 54.61 54.51 54.43 54.43 54.37 54.53 57.3 57.39 57.45 57.5 57.07 57.43 57.36 55.75 54.34 54.27 53.92 53.74 53.41 53.35 54.89 55.68 55.71 55.24 55.32 55.31
54.65 54.73 54.76 54.75 54.69 54.68 54.72 54.76 54.77 54.69 54.64 54.64 54.61 54.65 54.7 54.71 54.66 54.69 54.75 54.64 54.54 54.62 54.58 54.62 54.74 54.89 54.61 54.89 54.98 54.83 54.83 54.59 54.66 54.54 54.54 54.54 54.48 54.51 54.48 54.6 54.47 54.25 54.31 54.28 54.36 54.39 54.42 54.36 54.35 54.49 54.45 54.35 54.46 54.57 54.45 54.47 54.34 55.51 57.35 57.45 57.48 57.5 57.28 57.44 57.24 55.14 54.33 54.05 53.95 53.46 53.7 54.83 55.13 55.01 55.17 55.15 55.31 55.17
54.87 54.73 54.78 54.7 54.7 54.68 54.69 54.78 54.8 54.86 54.77 54.74 54.58 54.63 54.71 54.76 54.61 54.7 54.66 54.62 54.59 54.58 54.52 54.57 54.66 54.54 54.51 54.5 54.61 54.5 54.44 54.62 54.84 54.71 54.5 54.55 54.5 54.51 54.51 54.49 54.52 54.24 54.36 54.3 54.42 54.37 54.4 54.47 54.54 54.53 54.38 54.32 54.37 54.4 54.4 54.41 54.36 56.36 57.4 57.41 57.49 57.51 57.36 57.43 57.08 54.61 54.45 54.09 53.8 53.47 54.98 55.14 55.23 55.14 55.08 55.11 55.2 55.22
54.89 54.8 54.77 54.68 54.78 54.71 54.71 54.86 54.8 54.93 55.04 54.78 54.69 54.72 54.58 54.53 54.61 54.73 54.72 54.55 54.59 54.54 54.51 54.74 54.62 54.49 54.47 54.66 54.52 54.53 54.55 54.85 54.95 54.62 54.61 54.49 54.49 54.46 54.62 54.58 54.31 54.21 54.3 54.2 54.43 54.57 54.38 54.47 54.53 54.49 54.47 54.46 54.49 54.32 54.35 54.37 54.42 57.27 57.42 57.39 57.44 57.09 57.42 57.37 56.17 54.29 54.56 54.53 53.83 53.44 55.04 55.25 55.29 55.31 55.38 55.26 55.5 55.27
55.04 54.96 54.98 54.79 54.77 54.76 54.75 54.79 54.71 54.83 55.04 54.78 54.77 54.73 54.63 54.7 54.71 54.66 54.56 54.56 54.54 54.53 54.53 54.57 54.58 54.51 54.5 54.49 54.5 54.55 54.45 54.72 54.91 54.71 54.7 54.67 54.59 54.58 54.58 54.61 54.25 54.47 54.19 54.14 54.37 54.44 54.42 54.45 54.46 54.45 54.58 54.53 54.5 54.46 54.44 54.4 55.04 57.25 57.38 57.41 57.53 57.15 57.45 57.36 55.22 54.22 54.1 53.83 53.86 53.86 54.57 55.15 55.45 55.49 55.86 55.54 55.46 55.57
54.89 54.8 54.81 54.81 54.77 54.84 54.78 54.71 54.87 54.73 54.78 54.66 54.74 54.65 54.73 54.66 54.59 54.58 54.51 54.59 54.54 54.54 54.48 54.54 54.56 54.56 54.48 54.57 54.59 54.49 54.53 54.53 54.49 54.73 54.66 54.7 54.53 54.61 54.56 54.59 54.44 54.37 54.09 54.3 54.46 54.38 54.46 54.45 54.54 54.45 54.59 54.55 54.49 54.74 54.68 54.39 55.89 57.34 57.41 57.49 57.46 57.32 57.46 57.36 54.87 54.12 53.96 54.29 54.16 54.24 55.14 54.82 55.54 55.54 55.71 55.7 55.55 55.56
54.85 54.8 54.77 54.77 54.72 54.68 54.83 54.87 54.78 54.65 54.82 54.72 54.61 54.64 54.68 54.67 54.65 54.57 54.55 54.5 54.57 54.64 54.64 54.55 54.51 54.54 54.49 54.41 54.54 54.45 54.47 54.49 54.52 54.64 54.68 54.78 54.52 54.59 54.5 54.56 54.66 54.56 54.47 54.49 54.32 54.35 54.35 54.52 54.55 54.53 54.47 54.43 54.56 54.89 54.62 54.43 56.74 57.41 57.54 57.56 57.33 57.37 57.4 56.81 55.11 54.5 54.17 54.11 54.14 54.8 55.35 55.42 55.54 55.41 55.68 55.68 55.36 55.54
54.71 54.71 54.67 54.73 54.68 54.74 54.71 54.74 54.86 54.87 54.78 54.74 54.81 54.67 54.65 54.77 54.58 54.48 54.52 54.53 54.68 54.59 54.85 54.52 54.53 54.44 54.5 54.47 54.55 54.53 54.47 54.41 54.68 54.73 54.68 54.7 54.51 54.54 54.44 54.52 54.52 54.49 54.28 54.32 54.33 54.42 54.67 54.6 54.47 54.52 54.54 54.49 54.54 54.58 54.4 54.81 57.23 57.55 57.6 57.61 57.15 57.41 57.41 56.07 55.01 54.49 54.61 54.67 54.43 55.45 55.48 55.69 55.5 55.55 55.8 55.68 55.4 55.48
54.6 54.67 54.68 54.65 54.64 54.63 54.68 54.8 54.78 54.83 54.71 55.16 54.78 54.91 54.66 54.55 54.49 54.44 54.66 54.52 54.57 54.62 54.52 54.58 54.5 54.39 54.48 54.53 54.48 54.47 54.52 54.4 54.66 54.63 54.66 54.49 54.5 54.47 54.54 54.5 54.54 54.43 54.21 54.22 54.22 54.35 54.58 54.42 54.49 54.54 54.47 54.57 54.53 54.47 54.46 55.39 57.4 57.55 57.76 57.6 57.36 57.46 57.34 55.63 54.79 54.17 54.91 55.6 55.54 55.56 55.65 55.7 55.6 55.65 55.78 55.79 55.43 55.52
54.64 54.7 54.67 54.65 54.68 54.55 54.81 54.8 54.79 54.82 54.67 54.57 54.69 54.65 54.72 54.64 54.56 54.51 54.58 54.61 54.59 54.67 54.51 54.55 54.52 54.34 54.41 54.33 54.47 54.47 54.52 54.54 54.47 54.52 54.67 54.4 54.44 54.47 54.43 54.5 54.57 54.45 54.17 54.25 54.2 54.34 54.42 54.4 54.53 54.65 54.5 54.51 54.56 54.55 54.5 56.05 57.45 57.67 57.75 57.57 57.39 57.44 57.24 55.39 54.73 54.56 55.51 55.09 55.44 55.66 55.65 55.73 55.66 55.77 55.77 55.65 55.54 55.64
54.65 54.67 54.58 54.6 54.64 54.56 54.83 54.74 54.76 54.54 54.59 54.56 54.61 54.6 54.62 54.7 54.5 54.54 54.58 54.58 54.74 54.44 54.56 54.76 54.44 54.43 54.41 54.34 54.57 54.52 54.52 54.56 54.5 54.51 54.49 54.39 54.35 54.5 54.46 54.45 54.54 54.25 54.24 54.29 54.29 54.5 54.4 54.51 54.5 54.61 54.56 54.54 54.54 54.56 54.57 57.12 57.54 57.68 57.68 57.27 57.46 57.45 56.36 55.27 54.94 54.94 55.3 55.18 55.07 55.1 55.37 55.8 55.7 55.72 55.73 55.53 55.51 55.45
54.68 54.62 54.57 54.61 54.6 54.55 54.73 54.72 54.77 54.65 54.61 54.57 54.59 54.55 54.62 54.66 54.46 54.5 54.58 54.52 54.45 54.43 54.61 54.62 54.73 54.54 54.38 54.51 54.62 54.61 54.56 54.5 54.5 54.53 54.43 54.39 54.35 54.37 54.42 54.52 54.6 54.29 54.26 54.34 54.36 54.47 54.46 54.42 54.49 54.54 54.59 54.64 54.55 54.42 54.89 57.28 57.62 57.68 57.64 57.3 57.5 57.42 55.91 55.08 55.12 56.41 56.24 55.48 55.16 55.02 55.28 55.26 55.39 55.71 55.72 55.73 55.74 55.84
54.67 54.63 54.49 54.57 54.56 54.69 54.76 54.68 54.59 54.66 54.55 54.61 54.64 54.57 54.57 54.58 54.52 54.46 54.48 54.35 54.47 54.54 54.59 54.41 54.65 54.7 54.48 54.53 54.67 54.62 54.5 54.55 54.52 54.46 54.31 54.4 52.93 54.45 54.4 54.4 54.36 54.33 54.47 54.27 54.46 54.41 54.47 54.59 54.54 54.54 54.63 54.62 54.65 54.42 55.5 57.45 57.65 57.69 57.56 57.42 57.52 57.41 55.67 55.34 55.94 56.09 56.06 55.56 55.11 55.14 55.2 55.19 55.47 55.59 55.58 55.58 55.6 55.69
54.68 54.67 54.52 54.59 54.54 54.74 54.75 54.7 54.75 54.76 54.69 54.61 54.56 54.56 54.57 54.57 54.58 54.5 54.55 54.48 54.45 54.47 54.41 54.57 54.62 54.57 54.52 54.66 54.77 54.7 54.59 54.5 54.52 54.44 54.38 54.46 54.34 54.46 54.47 54.47 54.51 54.5 54.5 54.34 54.32 54.44 54.31 54.48 54.51 54.54 54.63 54.63 54.65 54.45 56.64 57.55 57.65 57.69 57.45 57.48 57.51 57.06 55.33 55.61 55.96 55.42 55.43 55.19 55.13 55.32 55.31 55.38 55.57 55.48 55.55 55.6 55.66 55.6
54.7 54.54 54.5 54.59 54.67 54.83 54.88 54.85 54.82 54.81 54.77 54.66 54.68 54.65 54.53 54.58 54.5 54.48 54.46 54.45 54.43 54.45 54.39 54.55 54.61 54.56 54.67 54.8 54.82 54.67 54.61 54.52 54.69 54.3 54.43 54.54 54.46 54.47 54.43 54.42 54.45 54.48 54.53 54.36 54.35 54.31 54.36 54.32 54.45 54.55 54.61 54.6 54.47 54.58 57.25 57.57 57.66 57.6 57.16 57.51 57.43 56.37 55.92 56.15 55.46 55.38 55.41 55.05 55.09 55.16 55.28 55.45 55.52 55.5 55.64 55.63 55.65 55.6
54.82 54.64 54.62 54.62 54.91 54.95 54.99 54.99 54.91 54.89 54.78 54.89 54.66 54.73 54.56 54.58 54.65 54.56 54.49 54.48 54.48 54.42 54.49 54.55 54.57 54.56 54.64 54.68 54.62 54.56 54.61 54.49 54.51 54.34 54.68 54.32 54.41 54.46 54.54 54.66 54.68 54.56 54.53 54.31 54.31 54.3 54.33 54.28 54.33 54.4 54.42 54.67 54.48 55.46 57.38 57.5 57.62 57.59 57.35 57.51 57.41 55.95 56.35 56.32 55.33 55.38 55.41 55.02 55.26 55.25 55.26 55.54 55.6 55.6 55.63 55.78 55.64 55.54
54.63 54.77 54.78 54.8 54.94 55 55.02 55.08 55.07 54.97 54.92 54.9 54.87 55 54.64 54.75 54.74 54.69 54.64 54.55 54.5 54.48 54.47 54.51 54.63 54.57 54.55 54.61 54.6 54.49 54.48 54.54 54.26 54.34 54.44 54.37 54.58 54.59 54.55 54.61 54.71 54.56 54.37 54.39 54.32 54.31 54.34 54.47 54.36 54.31 54.32 54.46 54.48 56.1 57.56 57.57 57.69 57.52 57.4 57.48 57.29 55.86 56.36 55.89 55.43 55.43 55.11 55.12 55.14 55.24 55.34 55.61 55.67 55.69 55.63 55.68 55.51 55.49
54.69 54.8 54.85 54.81 55.06 54.95 55 55.09 55.21 55 55.07 55.03 55.08 54.92 54.6 54.84 54.86 54.78 54.68 54.62 54.51 54.57 54.46 54.5 54.52 54.66 54.67 54.58 54.66 54.55 54.52 54.46 54.38 54.24 54.34 54.38 54.48 54.65 54.36 54.54 54.64 54.56 54.42 54.38 54.36 54.39 54.35 54.46 54.38 54.27 54.4 54.47 54.58 57.08 57.63 57.7 57.76 57.36 57.47 57.47 57.15 56.7 56.22 55.61 55.43 55.42 55.08 55.17 55.22 55.32 55.49 55.61 55.67 55.65 55.63 55.56 55.48 55.44
54.68 54.68 54.71 54.77 54.83 54.91 54.97 55.03 54.97 55.04 55.03 54.98 54.96 54.58 54.58 54.97 54.91 54.86 54.69 54.67 54.51 54.64 54.35 54.42 54.47 54.54 54.5 54.61 54.52 54.51 54.48 54.43 54.37 54.38 54.32 54.43 54.51 54.5 54.46 54.65 54.62 54.85 54.37 54.45 54.51 54.56 54.51 54.38 54.39 54.34 54.36 54.41 55.16 57.41 57.68 57.73 57.6 57.18 57.51 57.46 57.09 56.42 56.06 55.64 55.45 55.28 55.13 55.12 55.33 55.41 55.56 55.65 55.62 55.6 55.65 55.6 55.43 55.44
54.67 54.67 54.73 54.58 54.62 54.57 54.59 54.73 54.8 54.84 54.74 54.75 54.64 54.55 54.81 54.96 54.86 54.85 54.73 54.69 54.59 54.41 54.37 54.36 54.43 54.57 54.56 54.5 54.42 54.47 54.43 54.43 54.38 54.65 54.49 54.47 54.54 54.54 54.51 54.53 54.64 54.61 54.57 54.67 54.62 54.53 54.59 54.58 54.39 54.4 54.49 54.45 55.65 57.63 57.66 57.68 57.5 57.41 57.53 57.51 56.52 56.08 55.95 55.39 55.4 55.32 55.31 55.33 55.34 55.41 55.58 55.67 55.59 55.55 55.59 55.49 55.5 55.45
54.71 54.7 54.73 54.54 54.59 54.53 54.59 54.61 54.51 54.62 54.79 54.74 54.68 54.52 54.6 55.07 54.92 54.77 54.72 54.64 54.45 54.35 54.47 54.32 54.49 54.59 54.49 54.47 54.42 54.39 54.43 54.38 54.37 54.34 54.48 54.45 54.45 54.44 54.44 54.5 54.49 54.59 54.61 54.67 54.66 54.75 54.62 54.53 54.58 54.5 54.35 54.44 56.61 57.56 57.57 57.68 57.51 57.48 57.55 57.39 55.66 56.16 55.48 55.36 55.64 55.43 55.28 55.37 55.36 55.45 55.59 55.62 55.62 55.54 55.55 55.39 55.55 55.74
54.65 54.64 54.55 54.56 54.54 54.54 54.54 54.49 54.55 54.61 54.62 54.61 54.51 54.51 54.46 54.63 54.54 54.44 54.64 54.66 54.46 54.36 54.48 54.33 54.49 54.5 54.48 54.4 54.36 54.43 54.49 54.52 54.48 54.5 54.36 54.53 54.49 54.5 54.51 54.61 54.55 54.62 54.52 54.62 54.61 54.73 54.59 54.5 54.71 54.83 54.44 54.54 57.39 57.67 57.7 57.64 57.2 57.55 57.54 56.46 55.67 56.01 55.49 55.42 55.39 55.3 55.44 55.44 55.43 55.51 55.56 55.53 55.43 55.5 55.46 55.34 55.36 55.43
54.71 54.66 54.54 54.56 54.53 54.49 54.61 54.54 54.55 54.56 54.56 54.54 54.46 54.44 54.42 54.35 54.43 54.63 54.42 54.32 54.41 54.4 54.39 54.57 54.58 54.58 54.49 54.4 54.39 54.48 54.5 54.47 54.46 54.39 54.45 54.56 54.45 54.54 54.68 54.64 54.58 54.6 54.62 54.62 54.58 54.61 54.5 54.5 54.76 54.58 54.43 55.17 57.52 57.67 57.71 57.58 57.34 57.57 57.49 55.9 55.49 56.06 55.48 55.43 55.49 55.45 55.44 55.44 55.39 55.53 55.55 55.54 55.61 55.54 55.39 55.23 55.19 55.23
54.62 54.57 54.47 54.72 54.54 54.61 54.64 54.57 54.48 54.62 54.97 54.51 54.5 54.39 54.44 54.36 54.39 54.49 54.43 54.49 54.35 54.35 54.38 54.54 54.67 54.54 54.42 54.38 54.31 54.4 54.53 54.4 54.41 54.46 54.88 54.7 54.64 54.58 54.61 54.55 54.53 54.59 54.58 54.56 54.51 54.49 54.45 54.46 54.61 54.57 54.45 55.97 57.64 57.64 57.69 57.52 57.49 57.56 57.41 55.85 55.48 55.77 55.48 55.43 55.51 55.4 55.51 55.42 55.43 55.46 55.56 55.56 55.5 55.5 55.41 55.37 55.34 55.24
