Dane przykładowe/DEM/NMT2.asc
ncols         439
nrows         476
xllcenter     357520
yllcenter     503010
cellsize      5
nodata_value  -9999
[rows 0 to 33 of 476, columns 234 to 311 of 439]
-9999 -9999 -9999 -9999 -9999 -9999 -9999 -9999 -9999 -9999 -9999 -9999 -9999 -9999 -9999 -9999 -9999 -9999 -9999 -9999 -9999 -9999 -9999 -9999 -9999 -9999 -9999 -9999 -9999 -9999 -9999 -9999 -9999 -9999 -9999 -9999 -9999 -9999 -9999 -9999 -9999 -9999 -9999 -9999 -9999 -9999 -9999 -9999 -9999 -9999 -9999 -9999 -9999 -9999 -9999 -9999 -9999 -9999 -9999 -9999 -9999 -9999 -9999 -9999 -9999 -9999 -9999 -9999 -9999 -9999 -9999 -9999 -9999 -9999 -9999 -9999 -9999 -9999
-9999 -9999 -9999 -9999 -9999 -9999 -9999 -9999 -9999 -9999 -9999 -9999 -9999 -9999 -9999 -9999 -9999 -9999 -9999 -9999 -9999 -9999 -9999 -9999 -9999 -9999 -9999 -9999 -9999 -9999 -9999 -9999 -9999 -9999 -9999 -9999 -9999 -9999 -9999 -9999 -9999 -9999 -9999 -9999 -9999 -9999 -9999 -9999 -9999 -9999 -9999 -9999 -9999 -9999 -9999 -9999 -9999 -9999 -9999 -9999 -9999 -9999 -9999 -9999 -9999 -9999 -9999 -9999 -9999 -9999 -9999 -9999 -9999 -9999 -9999 -9999 -9999 -9999
-9999 -9999 -9999 -9999 -9999 -9999 -9999 -9999 -9999 -9999 -9999 -9999 -9999 -9999 -9999 -9999 -9999 -9999 -9999 -9999 -9999 -9999 -9999 -9999 -9999 -9999 -9999 -9999 -9999 -9999 -9999 -9999 -9999 -9999 -9999 -9999 -9999 -9999 -9999 -9999 -9999 -9999 -9999 -9999 -9999 -9999 -9999 -9999 -9999 -9999 -9999 -9999 -9999 -9999 -9999 -9999 -9999 -9999 -9999 -9999 -9999 -9999 -9999 -9999 -9999 -9999 -9999 -9999 -9999 -9999 -9999 -9999 -9999 -9999 -9999 -9999 -9999 -9999
-9999 -9999 -9999 -9999 -9999 -9999 -9999 -9999 -9999 -9999 -9999 -9999 -9999 -9999 -9999 -9999 -9999 -9999 -9999 -9999 -9999 -9999 -9999 -9999 -9999 -9999 -9999 -9999 -9999 -9999 -9999 -9999 -9999 -9999 -9999 -9999 -9999 -9999 -9999 -9999 -9999 -9999 -9999 -9999 -9999 -9999 -9999 -9999 -9999 -9999 -9999 -9999 -9999 -9999 -9999 -9999 -9999 -9999 -9999 -9999 -9999 -9999 -9999 -9999 -9999 -9999 -9999 -9999 -9999 -9999 -9999 -9999 -9999 -9999 -9999 -9999 -9999 -9999
-9999 -9999 -9999 -9999 -9999 -9999 -9999 -9999 -9999 -9999 -9999 -9999 -9999 -9999 -9999 -9999 -9999 -9999 -9999 -9999 -9999 -9999 -9999 -9999 -9999 -9999 -9999 -9999 -9999 -9999 -9999 -9999 -9999 -9999 -9999 -9999 -9999 -9999 -9999 -9999 -9999 -9999 -9999 -9999 -9999 -9999 -9999 -9999 -9999 -9999 -9999 -9999 -9999 -9999 -9999 -9999 -9999 -9999 -9999 -9999 -9999 -9999 -9999 -9999 -9999 -9999 -9999 -9999 -9999 -9999 -9999 -9999 -9999 -9999 -9999 -9999 -9999 -9999
-9999 -9999 -9999 -9999 -9999 -9999 -9999 -9999 -9999 -9999 -9999 -9999 -9999 -9999 -9999 -9999 -9999 -9999 -9999 -9999 -9999 -9999 -9999 -9999 -9999 -9999 -9999 -9999 -9999 -9999 -9999 -9999 -9999 -9999 -9999 -9999 -9999 -9999 -9999 -9999 -9999 -9999 -9999 -9999 -9999 -9999 -9999 -9999 -9999 -9999 -9999 -9999 -9999 -9999 -9999 -9999 -9999 -9999 -9999 -9999 -9999 -9999 -9999 -9999 -9999 -9999 -9999 -9999 -9999 -9999 -9999 -9999 -9999 -9999 -9999 -9999 -9999 -9999
-9999 -9999 -9999 -9999 -9999 -9999 -9999 -9999 -9999 -9999 -9999 -9999 -9999 -9999 -9999 -9999 -9999 -9999 -9999 -9999 -9999 -9999 -9999 -9999 -9999 -9999 -9999 -9999 -9999 -9999 -9999 -9999 -9999 -9999 -9999 -9999 -9999 -9999 -9999 -9999 -9999 -9999 -9999 -9999 -9999 -9999 -9999 -9999 -9999 -9999 -9999 -9999 -9999 -9999 -9999 -9999 -9999 -9999 -9999 -9999 -9999 -9999 -9999 -9999 -9999 -9999 -9999 -9999 -9999 -9999 -9999 -9999 -9999 -9999 -9999 -9999 -9999 -9999
72.51 72.22 71.85 71.33 71.32 71.84 71.37 71.18 71.16 71.22 71.14 70.53 70.61 70.34 70.25 70.31 69.65 69.58 69.52 69.24 69.18 69.12 68.99 68.82 -9999 -9999 -9999 -9999 -9999 -9999 -9999 -9999 -9999 -9999 -9999 -9999 -9999 -9999 -9999 -9999 -9999 -9999 -9999 -9999 -9999 -9999 -9999 -9999 -9999 -9999 -9999 -9999 -9999 -9999 -9999 -9999 -9999 -9999 -9999 -9999 -9999 -9999 -9999 -9999 -9999 -9999 -9999 -9999 -9999 -9999 -9999 -9999 -9999 -9999 -9999 -9999 -9999 -9999
72.36 72.08 71.76 71.43 71.31 71.46 71.33 70.86 70.46 70.57 70.32 70.33 70.27 70.21 70.26 70.29 69.97 69.63 69.45 69.21 69.3 69.13 69.19 68.61 68 67.43 66.73 66.03 65.32 64.62 64.9 65.61 66.3 66.12 62.54 61.58 61.41 61.19 59.09 59.1 57.15 57.77 58.05 58.19 58.33 58.43 58.3 58.17 58.22 58.05 58.06 58.15 58.49 58.4 58.41 58.42 58.47 58.49 62.623 -9999 -9999 -9999 -9999 -9999 -9999 -9999 -9999 -9999 -9999 -9999 -9999 -9999 -9999 -9999 -9999 -9999 -9999 -9999
72.15 71.86 71.88 71.26 71.33 71.89 71.43 70.99 70.56 70.43 70.42 70.53 70.42 70.4 70.31 70.23 70.1 69.86 69.44 69.47 69.4 69.3 68.89 68.26 67.74 67.17 66.26 64.82 63.81 63.07 63.92 64.41 64.12 62.6 61.35 61.34 61.23 61.1 60.87 59.64 56.48 57.41 58.21 58.29 58.38 58.34 58.34 58.32 58.35 58.15 58.15 58.19 58.49 58.42 58.51 58.45 58.49 58.5 58.16 57.96 58.09 58.14 57.93 57.9 58.01 58.04 58.1 58.2 58.41 59.5 59.02 58.45 64.08 65.07 65.08 63.96 62.42 61.07
72.05 71.79 71.64 71.37 71.29 71.77 71.51 71.09 70.74 70.69 70.62 70.6 70.51 70.48 70.38 70.29 70.2 69.7 69.57 69.57 69.4 69.27 68.53 67.73 67.08 66.84 66.73 65.29 64.05 62.99 63.05 63.09 62.94 61.25 61.15 61.13 61.09 60.99 60.83 55.82 55.68 58.02 58.72 58.55 58.76 58.72 58.56 58.39 58.4 58.23 58.18 58.33 58.45 58.41 58.49 58.46 58.52 58.39 58.14 58 58.16 58.14 57.9 57.98 57.99 58.06 58.07 58.19 58.2 58.41 58.43 58.39 63.56 64.7 64.89 63.98 62.52 61.13
72.09 71.91 71.7 71.34 71.24 71.69 71.6 71.16 70.88 70.83 70.81 70.67 70.62 70.52 70.36 70.19 69.93 69.69 69.75 69.6 69.56 69.26 68.38 67.5 67.02 66.62 66.54 66.4 63.81 62.93 62.89 63.01 62.59 61.88 61.13 61.01 60.91 60.85 60.76 58.78 58.75 58.75 59.04 58.88 59.04 59.03 58.87 58.57 58.4 58.23 58.21 58.46 58.42 58.48 58.5 58.5 58.53 58.25 58.09 58.02 58.19 58.1 57.87 57.96 58.19 58.09 58.1 58.11 58.18 58.34 58.48 58.48 61.33 64.38 64.67 64.11 62.7 61.38
71.95 71.83 71.67 71.33 71.21 71.37 71.32 71.1 71 70.84 70.75 70.63 70.52 70.38 70.23 70.04 69.91 69.89 69.86 69.58 70 69.36 68.4 67.43 66.69 66.48 66.38 65.52 63.49 62.96 62.06 62.36 62.2 61.45 61.1 60.95 60.81 60.75 60.76 59.03 58.7 58.72 58.7 58.7 58.69 58.78 58.6 58.46 58.33 58.22 58.23 58.58 58.45 58.47 58.5 58.53 58.54 58.27 58.07 58.09 58.25 58.09 57.91 58.01 58.2 58.09 58.04 58.1 58.14 58.45 58.46 58.38 58.41 63.94 64.56 64.27 63.05 61.57
71.75 71.62 71.48 71.24 71.21 71.05 71.07 70.93 70.89 70.71 70.66 70.59 70.49 70.38 70.3 70.21 70.09 70 69.81 69.56 69.44 69.37 68.6 67.42 66.38 65.94 66.19 64.35 63.13 63.04 61.89 61.67 61.46 61.34 61.02 60.84 60.71 60.62 60.57 59.78 59.53 59.35 59.3 58.89 58.8 58.69 58.62 58.55 58.29 58.15 58.23 58.46 58.46 58.5 58.53 58.56 58.54 58.26 58.05 58.11 58.31 58.06 57.87 58.05 58.18 58.12 58.07 57.95 58.05 58.27 58.31 58.43 58.51 63.38 64.2 64.08 63.39 61.95
71.56 71.48 71.35 71.28 71.22 71.13 71.03 70.9 70.87 70.7 70.66 70.68 70.6 70.53 70.32 70.24 70.12 70.1 69.9 69.57 69.35 69.11 68.97 66.64 66.47 65.93 65.9 64.24 63.09 63.04 61.98 61.62 61.51 61.26 60.94 60.72 60.59 60.53 59.47 59.59 59.48 59.26 59.38 58.7 58.5 58.67 58.5 58.45 58.25 58.13 58.26 58.45 58.44 58.52 58.54 58.59 58.51 58.24 58.06 58.16 58.21 58.03 57.94 58.11 58.13 58.16 58.09 57.95 57.93 58.1 58.24 58.7 61.11 62.59 63.83 63.9 63.66 62.35
71.63 71.5 71.35 71.25 71.19 71.17 71.15 71.07 71.02 70.92 70.89 70.82 70.71 70.86 70.42 70.28 70.25 70.24 69.98 69.85 69.35 69.1 68.95 68.79 68.73 68.26 66.04 64.93 64.05 63.2 62.43 61.86 61.44 61.15 60.78 60.62 60.51 60.39 59.36 58.97 58.67 58.7 58.77 58.6 58.49 58.57 58.57 58.45 58.19 58.19 58.37 58.4 58.47 58.6 58.57 58.61 58.46 58.23 58.06 58.18 58.21 58.02 58.01 58.2 58.12 58.17 58.13 58.06 57.87 57.99 58.46 58.85 60.27 61.81 63.18 63.8 63.62 62.82
71.72 71.65 71.58 71.51 71.41 71.44 71.28 71.22 71.16 71.07 70.94 70.86 70.73 70.63 70.34 70.39 70.36 70.13 70.07 69.94 69.68 69.37 68.9 68.63 68.69 68.74 68.82 67.9 65.39 64.17 63.19 62.43 61.73 61.34 60.66 60.51 60.41 60.28 59.65 58.92 58.83 58.85 58.65 58.43 58.49 58.52 58.42 58.35 58.2 58.15 58.43 58.43 58.53 58.55 58.56 58.62 58.36 58.18 58.09 58.24 58.2 58.02 58.03 58.13 58.17 58.17 58.11 57.97 57.9 57.82 58.23 58.3 59.18 60.71 62.02 62.92 63.41 63.3
71.99 71.87 71.79 71.75 71.68 71.53 71.3 71.29 71.27 71.16 71.03 70.9 70.75 70.56 70.51 70.46 70.37 70.27 69.91 69.68 69.63 69.52 69.03 68.64 68.68 68.76 68.8 67.28 66.76 65.55 64.66 63.48 62.04 61.83 60.4 60.23 60.07 60.21 59.14 58.99 58.84 58.82 58.67 58.54 58.58 58.54 58.47 58.38 58.15 58.18 58.66 58.49 58.52 58.54 58.6 58.61 58.39 58.21 58.19 58.31 58.21 58 58.09 58.24 58.16 58.19 58.1 58.07 57.96 57.87 57.93 58.39 58.57 59.48 60.31 61.58 63.44 63.18
72.1 72.06 72.05 71.9 71.93 71.84 71.33 71.29 71.23 71.28 71.13 70.99 70.77 70.55 70.6 70.44 70.54 70.38 70.03 69.8 69.44 69.18 68.94 68.64 68.62 68.75 67.67 66.75 64.58 63.92 64.03 63.28 62.13 60.73 60.08 59.78 59.6 59.32 59.12 59 58.91 58.72 58.71 58.53 58.54 58.5 58.43 58.23 58.09 58.19 58.5 58.5 58.52 58.59 58.6 58.61 58.38 58.23 58.18 58.4 58.2 58.04 58.13 58.31 58.19 58.2 58.17 58.06 57.97 57.92 57.86 58.2 58.21 58.46 59.67 61.6 62.91 63.3
72.1 72.05 72 71.91 71.96 71.93 71.47 71.47 71.51 71.47 71.24 70.87 70.61 70.71 70.61 70.66 70.52 70.08 69.77 69.67 69.55 69.29 68.93 68.6 68.47 68.34 66.98 66.33 64.54 63.82 63.52 62.83 61.71 60.23 60.01 59.67 59.47 59.26 59 58.78 58.67 58.54 58.47 58.44 58.49 58.42 58.36 58.16 58.1 58.2 58.47 58.5 58.57 58.57 58.61 58.64 58.37 58.21 58.26 58.32 58.11 58.06 58.21 58.31 58.23 58.18 58.15 58.07 58 57.96 57.89 57.94 58.24 58.35 59.1 60.53 61.86 62.91
71.99 71.94 72.07 72.12 72.01 71.85 71.76 71.54 71.5 71.3 71.16 70.86 70.8 70.81 70.72 70.7 70.27 69.8 69.47 69.4 69.38 69.24 68.91 68.61 68.44 66.98 65.36 64.89 64.2 63.28 62.61 62.08 61.7 60.27 60.28 59.05 59.35 59.36 59.03 58.71 58.57 58.37 58.23 58.2 58.21 58.16 58.16 58.12 58.08 58.23 58.46 58.5 58.75 58.52 58.63 58.6 58.35 58.2 58.26 58.28 58.13 58.14 58.33 58.25 58.22 58.21 58.16 58.05 58.02 57.92 57.95 57.87 58.09 58.24 58.31 59.38 60.62 61.76
72.13 72.04 72.01 71.97 71.67 71.9 71.75 71.7 71.61 71.33 71.09 70.83 70.91 70.81 70.89 70.69 70.2 69.59 69.45 69.33 69.15 69.03 68.77 68.49 68.35 66.92 64.18 64.34 63.9 62.76 61.57 61.41 61.17 60.41 60.19 59.3 59.47 59.29 59.07 58.84 58.61 58.43 58.18 58.15 58.09 58.08 58.01 57.97 58.1 58.1 58.39 58.59 58.46 58.56 58.61 58.52 58.31 58.2 58.32 58.28 58.08 58.18 58.28 58.22 58.23 58.17 58.13 58.06 58.03 57.88 57.97 57.97 57.93 58.22 58.26 58.47 59.47 60.58
72.03 72 71.95 71.99 72.01 71.83 72.08 71.81 71.54 71.3 71.07 70.99 70.97 70.91 71.24 70.69 70.21 69.45 69.34 69.22 68.91 68.82 68.56 68.3 68.13 66.89 64.26 64.37 63.54 62.75 61.25 60.81 60.5 60.38 60.11 59.54 59.44 59.29 59.09 58.93 58.64 58.34 58.19 58.33 58.39 58.15 58.03 58.07 58.1 58.13 58.15 58.17 58.24 58.32 58.41 58.39 58.2 58.26 58.3 58.26 58.11 58.27 58.46 58.24 58.19 58.16 58.04 58 57.91 57.91 58.01 58.01 57.87 58.01 58.23 58.12 58.46 59.4
72.12 72.12 72.27 72.18 72.06 71.87 71.78 71.73 71.51 71.22 71.1 71.12 70.9 71.1 70.97 70.65 70.38 69.49 69.43 68.98 68.85 68.65 68.38 68.1 68.07 67.77 64.8 64.38 63.55 62.63 61.56 60.55 60.09 60.09 60.02 59.8 59.47 59.29 59.16 59 58.68 58.19 58.22 58.3 58.36 58.25 58.06 58.07 58.1 58.16 58.19 58.19 58.14 58.14 58.14 58.14 58.18 58.23 58.26 58.13 58.12 58.23 58.27 58.27 58.17 58.16 58.06 58.01 58.09 58.1 58.08 58.08 57.97 57.91 58.05 58.3 58.22 58.39
72.29 72.14 72.14 71.98 71.85 71.74 71.71 71.59 71.44 71.23 71.23 71.12 71.16 70.7 70.7 70.43 70.21 70.14 69.52 68.76 68.27 68.21 68.15 67.85 67.9 67.69 65.76 64.41 63.49 62.39 61.37 60.1 59.34 59.52 59.69 59.31 59.42 59.32 59.22 59.05 58.69 58.13 58.32 58.28 58.32 58.2 58.14 58.11 58.14 58.11 58.08 58.09 58.14 58.18 58.22 58.26 58.26 58.2 58.24 58.24 58.29 58.37 58.28 58.25 58.15 58.2 58.11 58.16 58.17 58.13 58.12 58.06 58.04 57.91 57.97 58.07 58.24 58.29
71.98 71.94 71.84 71.72 71.69 71.68 71.61 71.58 71.37 71.28 71.29 71.22 71.37 70.92 70.38 70.12 70.11 70.22 70.2 68.14 68.3 68.16 67.98 67.54 67.73 67.62 65.79 64.38 63.35 62.26 61.37 60.18 59.33 59.42 59.66 59.21 59.08 58.94 58.85 58.82 58.41 58.02 58.3 58.32 58.4 58.21 58.18 58.08 58.11 57.99 58.21 58.25 58.31 58.29 58.25 58.16 58.2 58.25 58.3 58.33 58.39 58.42 58.25 58.18 58.22 58.09 58.2 58.28 58.27 58.22 58.17 58.12 58.1 58.13 57.93 58.03 58.1 58.15
71.88 71.78 71.69 71.58 71.73 71.75 71.66 71.58 71.3 71.43 71.25 71.39 71.12 70.74 70.42 70.08 70.15 70.21 70.18 68.34 68.47 68.18 67.81 67.54 67.52 67.44 65.45 64.33 63.23 62.11 61.31 60.27 59.65 59.25 59.11 59.12 58.9 58.71 58.53 58.25 57.94 58 58.05 58.04 58.29 58.15 58.08 58.06 58.02 58.19 58.23 58.43 58.49 58.45 58.45 58.37 58.35 58.31 58.24 58.29 58.31 58.3 58.2 58.14 58.3 58.11 58.29 58.31 58.26 58.26 58.2 58.15 58.08 58.03 57.96 57.99 58.09 58.11
71.95 71.87 71.8 71.77 71.71 71.75 71.75 71.55 71.53 71.48 71.46 71.49 71.35 71.35 70.15 70.38 70.24 70.14 70.15 68.61 68.56 68.12 67.67 67.37 67.35 67.25 65.41 64.25 63.32 62.15 61.24 60.25 59.47 59.23 58.99 59.05 58.95 58.51 58.23 58.18 57.89 58.02 58.12 58.19 58.27 58.09 57.98 58.05 58.02 58.35 58.55 58.58 58.51 58.48 58.45 58.44 58.35 58.34 58.31 58.29 58.32 58.36 58.35 58.26 58.26 58.34 58.21 58.21 58.3 58.3 58.26 58.2 58.13 58.09 58.1 57.95 58.04 58.09
72.17 72.21 72.15 72.17 72.14 71.81 71.72 71.56 71.6 71.56 71.62 71.51 71.27 71.19 71.07 70.85 70.32 70.18 69.36 67.97 67.29 67.18 67.26 67.16 67.14 66.93 64.97 63.99 63.22 62.19 61.13 59.99 59.32 59.26 59.01 59.02 58.8 58.3 58.01 58.02 57.97 58.08 58.14 58.21 58.23 58.09 58.01 58.01 58.11 58.35 58.54 58.59 58.49 58.45 58.43 58.44 58.41 58.42 58.46 58.38 58.36 58.37 58.35 58.41 58.32 58.39 58.31 58.29 58.27 58.3 58.28 58.23 58.17 58.1 58.1 57.95 58.05 58.06
72.04 72 72.15 72.13 72.04 71.9 71.64 71.67 71.66 71.66 71.66 71.5 71.35 71.19 71.03 70.88 70.37 68.35 68.58 67.32 66.7 66.82 66.97 66.88 66.97 66.85 64.73 63.64 62.82 61.86 61.05 59.79 59.25 59.19 58.95 58.82 58.7 58.26 58.12 57.98 57.97 58.11 58.18 58.26 58.11 58.1 58.04 57.97 58.25 58.45 58.52 58.54 58.48 58.38 58.39 58.46 58.49 58.53 58.54 58.4 58.37 58.36 58.37 58.56 58.38 58.37 58.46 58.43 58.39 58.35 58.31 58.28 58.19 58.13 58.11 58.05 57.91 58.06
71.96 71.98 72.12 72.26 72.07 71.86 71.81 71.77 71.77 71.85 71.97 71.81 71.49 71.2 71.17 71.42 71.29 66.95 67.28 67.62 67.54 67.24 66.9 66.65 66.79 66.63 64.37 63.42 62.33 61.66 60.64 59.6 59.15 59.12 58.9 58.72 58.58 58.29 58.13 57.87 57.99 58.09 58.16 58.22 58.07 57.93 58 57.89 58.29 58.46 58.53 58.53 58.46 58.39 58.43 58.47 58.53 58.64 58.64 58.63 58.42 58.41 58.42 58.49 58.57 58.47 58.44 58.4 58.42 58.39 58.37 58.31 58.29 58.23 58.19 58.09 58.1 58.03
71.99 72.08 72.07 72.29 72.01 71.82 71.91 71.74 71.92 72.07 72.13 72.34 72.01 71.62 71.51 71.22 69.71 67.69 67.68 67.74 67.16 67.01 66.81 66.58 66.58 66.25 64.06 63.16 62.03 61.1 60.41 59.38 59.22 59.01 58.82 58.61 58.52 58.2 58.09 57.88 57.98 58.14 58.13 58.2 58.06 57.95 57.92 58.04 58.4 58.47 58.48 58.51 58.47 58.41 58.47 58.53 58.59 58.76 58.8 58.64 58.51 58.46 58.49 58.56 58.57 58.49 58.5 58.49 58.45 58.4 58.4 58.34 58.28 58.21 58.26 58.2 58.19 58.1
72.02 72.1 72.23 72.19 71.98 71.97 71.91 71.98 71.95 71.85 72.02 72.15 72.12 71.73 71.4 69.49 68.63 68.39 68.13 67.82 67.55 67 66.58 66.4 66.41 65.75 63.65 62.86 61.98 60.63 60.03 59.27 59.19 58.95 58.77 58.55 58.49 58.27 57.94 58.06 57.99 58.18 58.29 58.25 58.06 57.93 57.93 58.22 58.42 58.43 58.43 58.5 58.44 58.44 58.55 58.59 58.64 58.92 58.76 58.66 58.6 58.59 58.52 58.53 58.57 58.51 58.58 58.53 58.57 58.56 58.57 58.46 58.37 58.33 58.3 58.26 58.18 58.1
72.09 72.1 72.22 71.99 71.95 72 71.98 72.09 71.94 71.75 71.61 71.61 71.62 71.52 71.45 68.8 68.63 68.18 67.96 67.65 67.23 66.89 66.33 66.17 66.19 65.54 63.44 62.88 61.77 59.75 59.36 59.01 58.96 58.8 58.62 58.45 58.45 58.19 58 58.49 58.1 58.15 58.17 57.99 57.91 57.92 57.85 58.38 58.52 58.51 58.5 58.49 58.48 58.48 58.57 58.54 58.7 58.78 58.79 58.71 58.62 58.61 58.61 58.58 58.6 58.73 58.62 58.86 58.64 58.66 58.6 58.55 58.5 58.53 58.5 58.45 58.41 58.37
