Dane przykładowe/DEM/NMT2.asc
ncols         439
nrows         476
xllcenter     357520
yllcenter     503010
cellsize      5
nodata_value  -9999
[rows 340 to 373 of 476, columns 312 to 389 of 439]
56.38 56.37 56.21 56.49 56.25 56.32 56.37 56.13 55.19 55.64 55.59 55.48 55.46 55.09 54.85 54.86 55.23 55.5 55.8 56.01 55.69 55.81 56.06 56.12 56.08 55.35 53.47 55.21 55.77 55.51 55.71 56.03 55.6 56.52 56.23 55.85 56.27 58.25 59.89 59.72 59.36 58.76 58.47 56.21 55.64 55.7 55.54 55.32 55.43 55.48 55.52 55.49 55.52 55.52 55.56 55.49 55.59 55.41 56.12 55.34 54.84 55.31 54.27 54.1 54.28 54.11 54.15 54.1 54.18 54.16 54.2 54.26 54.12 54.06 54.19 54.2 54.28 54.35
56.27 56.2 56.17 56.15 56.14 55.84 55.49 55.82 55.65 55.55 55.46 55.46 55.27 55.08 54.97 54.87 54.6 55.51 55.47 55.99 56.35 55.54 56.53 56.83 56.35 55.88 54.33 55.67 55.89 55.4 55.54 55.55 55.96 55.98 55.76 56.2 57.1 59.82 59.94 59.44 59.37 58.85 57.59 55.74 55.5 55.6 55.58 55.28 55.46 55.18 55.62 55.57 55.47 55.55 55.57 55.58 55.47 55.49 55.93 55.3 54.77 54.6 54.07 54.09 54.16 54.29 54.24 54.16 54.23 54.2 54.29 54.31 54.24 54.04 54.17 54.34 54.43 54.42
56.13 56.3 56.17 56.07 55.99 55.88 55.84 55.74 55.61 55.49 55.46 55.35 55.33 55.19 55.11 54.72 54.64 54.82 55.47 55.61 55.92 55.74 56.69 57.04 56.84 55.82 55.29 55.68 55.9 55.89 55.61 55.8 55.79 56.18 56.13 56.69 57.47 59.34 60.02 60.03 59.21 58.89 56.65 55.62 55.54 55.58 55.44 55.27 55.41 55.42 55.64 55.53 55.47 55.51 55.39 55.58 55.46 55.49 56.09 55.73 54.69 54.75 54.11 54.12 54.2 54.23 54.22 54.29 54.31 54.38 54.28 54.36 54.25 54.14 54.21 54.31 54.22 54.47
56.34 56.24 56.31 56.16 55.87 55.85 55.7 55.59 55.51 55.47 55.46 55.4 55.34 55.32 55.22 54.77 54.57 54.95 55.61 55.5 55.97 55.72 56.59 56.69 57.59 57.48 56.37 56.3 55.93 55.84 55.79 55.88 55.53 55.83 57.12 58.86 59.21 59.82 59.78 59.3 59.2 57.91 55.82 55.54 55.63 55.61 55.41 55.46 55.37 55.56 55.61 55.59 55.48 55.56 55.51 55.45 55.54 55.52 56.18 55.59 55.6 54.47 54.05 54.35 54.27 54.24 54.39 54.33 54.37 54.37 54.33 54.45 54.3 54.23 54.01 54.34 54.44 54.44
56.05 56.16 56.1 55.91 55.79 55.76 55.64 55.49 55.52 55.45 55.43 55.45 55.36 55.25 55.15 54.99 54.69 55.17 55.41 55.5 55.54 56.09 56.25 56.47 56.93 57.45 56.8 56.87 56.68 56.26 55.9 56.12 55.79 57.13 58.42 58.62 58.74 58.8 58.98 59.04 58.85 56.89 55.56 55.58 55.75 55.56 55.37 55.66 55.44 55.55 55.57 55.47 55.62 55.52 55.57 55.54 55.48 55.61 55.94 55.56 54.72 54.33 54.16 54.28 54.28 54.22 54.23 54.19 54.3 54.3 54.27 54.24 54.23 54.35 54.1 54.39 54.53 54.59
55.97 55.96 55.93 55.83 55.74 55.67 55.58 55.5 55.54 55.57 55.49 55.38 55.36 55.25 55.18 55.23 55.08 55.12 55.38 55.66 55.55 55.69 56.02 56.19 56.51 56.86 57.3 57.03 56.61 56.33 56.92 57.21 57.83 57.63 57.85 58.13 58.47 58.63 58.8 58.93 58 56 55.52 55.58 55.63 55.51 55.3 55.58 55.46 55.6 55.54 55.52 55.59 55.46 55.58 55.44 55.43 55.46 55.75 55.56 54.59 54.35 54.3 54.21 54.29 54.22 54.21 54.25 54.24 54.31 54.24 54.17 54.18 54.33 54.08 54.38 54.51 54.51
56.02 55.88 55.84 55.82 55.7 55.67 55.66 55.5 55.54 55.57 55.54 55.57 55.54 55.57 55.38 55.35 55.08 55.21 55.36 55.56 55.53 55.69 55.74 55.86 56.04 56.52 56.75 56.97 56.72 57.05 57.05 57.16 57.55 57.3 56.62 57.52 58.68 58.66 58.87 58.79 56.79 55.61 55.56 55.6 55.72 55.56 55.36 55.5 55.46 55.53 55.55 55.59 55.56 55.46 55.42 55.38 55.39 55.95 55.64 55.25 54.62 54.18 54.21 54.21 54.27 54.23 54.22 54.24 54.21 54.18 54.18 54.24 54.2 54.23 54.04 54.36 54.61 54.57
55.85 55.98 55.78 55.73 55.63 55.66 55.67 55.53 55.48 55.58 55.65 55.36 55.15 55.68 55.59 55.39 55.27 55.32 55.41 55.67 55.65 55.67 55.9 55.93 56.01 56.03 56.25 56.4 56.74 57 56.86 56.22 55.72 55.6 55.83 57.19 59.07 58.9 58.86 58.15 56.24 55.7 55.62 55.64 55.75 55.53 55.5 55.43 55.58 55.56 55.51 55.66 55.56 55.47 55.47 55.51 55.39 55.5 55.76 54.72 54.57 54.3 54.4 54.42 54.38 54.34 54.23 54.45 54.33 55.26 55.28 54.53 54.25 54.07 54.08 54.37 54.59 54.66
55.63 55.82 55.8 55.72 55.65 55.66 55.66 55.65 55.53 55.55 55.62 55.53 55.35 55.54 55.6 55.33 55.29 55.28 55.37 55.49 55.61 55.61 55.7 56.2 56.45 56.5 56.62 56.44 56.14 55.43 55.52 56.51 56.28 55.49 55.99 58.4 59 58.92 58.96 57.33 55.71 55.53 55.61 55.62 55.69 55.37 55.51 55.49 55.57 55.56 55.56 55.55 55.55 55.54 55.57 55.43 55.59 55.7 55.35 54.59 54.34 54.32 54.53 54.34 54.16 54.35 54.34 54.34 54.3 55.33 55.33 54.87 54.2 54.2 54.02 54.38 54.63 54.8
55.51 55.51 55.72 55.84 55.87 55.78 55.75 55.75 56.36 56.37 55.82 55.31 55.39 55.45 55.4 55.39 55.46 55.38 55.53 55.63 55.64 55.53 55.63 55.74 55.66 55.5 55.48 55.13 55.38 55.29 56.55 57.02 56.64 55.65 56.5 58.97 59.1 58.85 58.43 56.41 55.58 55.67 55.67 55.73 55.6 55.39 55.6 55.52 55.64 55.63 55.63 55.52 55.6 55.53 55.53 55.64 55.96 55.66 55.12 54.42 54.38 54.38 54.29 54.24 54.11 54.28 54.33 54.19 54.37 55.18 55.27 54.38 54.35 54.14 53.97 54.33 54.44 54.65
55.49 55.67 55.68 55.77 55.96 55.93 55.9 55.98 56.43 56.25 55.87 55.51 55.51 55.54 55.43 55.41 55.37 55.41 55.71 55.74 55.63 55.6 55.53 55.47 55.39 55.34 55.44 55.4 55.45 55.45 55.33 56.03 55.65 55.51 57.47 58.95 58.9 59.03 57.44 55.58 55.47 55.63 55.74 55.72 55.6 55.45 55.69 55.61 55.64 55.64 55.54 55.55 55.45 55.57 55.57 55.52 55.81 55.48 54.63 54.5 54.39 54.15 54.19 54.08 54.27 54.34 54.27 54.25 54.3 54.39 54.24 54.18 54.29 54.12 54.08 54.37 54.38 54.37
55.27 55.51 55.9 56.05 55.99 55.96 55.91 55.97 56.64 56.48 55.74 55.31 55.57 56.28 56.85 57.21 56.47 56.12 56.12 55.9 55.68 55.54 55.54 55.5 55.46 55.42 55.45 55.42 55.41 55.4 55.29 55.48 55.51 55.95 58.38 59.02 58.74 58.59 56.42 55.33 55.5 55.7 55.71 55.77 55.59 55.43 55.81 55.77 55.64 55.62 55.6 55.58 55.53 55.59 55.57 55.67 55.55 55.63 54.62 54.36 54.27 54.06 54.09 54.05 54.18 54.23 54.24 54.09 54.11 54.21 54.23 54.36 54.26 54.15 54.2 54.29 54.55 54.76
55.57 55.69 55.88 56.12 56.07 56.12 56.01 55.94 55.79 55.53 55.27 55.29 57.57 58.12 57.93 57.96 57.44 56.77 56.45 56.07 55.66 55.58 55.52 55.46 55.48 55.41 55.38 55.36 55.37 55.36 55.36 55.41 55.15 56.88 58.89 58.88 58.68 57.59 55.66 55.39 55.51 55.59 55.65 55.72 55.5 55.27 55.62 55.7 55.63 55.61 55.64 55.5 55.64 55.64 55.5 55.66 55.47 55.34 54.4 54.25 54.1 54.05 54.01 54 54.13 54.28 54.18 54.22 54.22 54.07 54.08 54.1 54.01 54.1 54.39 54.41 54.28 54.47
55.59 55.8 55.86 55.91 55.98 55.97 55.97 55.83 55.77 55.53 55.52 56.12 57.93 58.27 58.29 58.03 57.39 57.13 57.13 56.14 55.67 55.5 55.47 55.52 55.56 55.54 55.41 55.39 55.31 55.37 55.38 55.45 55.34 57.97 58.87 58.85 58.57 56.54 55.39 55.31 55.57 55.63 55.57 55.56 55.65 55.59 55.38 55.67 55.65 55.64 55.24 55.29 55.69 55.56 55.81 55.59 55.44 54.85 54.22 54.22 53.96 53.94 54.05 54.03 54.1 54.23 54.09 54.13 54.12 54.12 53.98 54.05 54.12 54.17 54.39 54.36 54.34 54.22
55.65 55.76 55.94 55.86 55.95 55.84 55.78 55.96 55.64 55.52 55.52 56.68 58.17 58.39 58.41 58.02 58.06 57.82 57.4 56.85 55.7 55.62 55.47 55.46 55.41 55.47 55.34 55.35 55.4 55.32 55.34 55.46 56.42 58.75 58.81 58.73 57.66 55.64 55.24 55.26 55.48 55.52 55.53 55.55 55.71 55.7 55.68 55.32 55.7 55.64 55.72 55.59 55.57 55.57 55.52 55.51 55.44 54.4 54.23 54.22 54.07 53.9 53.89 54.03 54.09 54.07 54.05 54.07 54.11 53.98 54.1 54.06 54.1 54.2 54.27 54.23 54.32 54.4
55.54 55.78 55.93 55.9 55.72 55.83 55.79 55.73 55.52 55.57 55.59 57.36 58.39 58.46 58.17 58.17 58.23 58.2 58.09 56.89 55.63 55.54 55.51 55.31 55.32 55.31 55.24 55.29 55.28 55.3 55.46 55.43 57.53 58.78 58.86 58.66 56.76 55.16 55.25 55.36 55.39 55.46 55.41 55.46 55.65 55.58 55.7 55.61 55.38 55.36 55.7 55.64 55.59 55.73 55.65 55.41 54.78 54.31 54.29 54.1 54.21 53.96 54.08 53.87 54.01 53.94 53.94 53.9 53.91 54.02 54 53.97 54.07 54.22 54.26 54.34 54.27 54.37
55.55 55.87 55.85 55.85 55.92 55.83 55.77 55.62 55.64 55.64 55.68 57.72 58.43 58.43 58.31 58.26 58.32 58.46 58.16 56.4 55.72 55.53 55.48 55.41 55.36 55.3 55.21 55.21 55.2 55.26 55.28 56.11 58.49 58.86 58.6 57.88 55.75 55.19 55.32 55.47 55.46 55.52 55.48 55.59 55.48 55.57 55.7 55.72 55.67 55.68 55.29 55.32 55.38 55.68 55.52 55.21 54.97 54.72 55.2 54.92 55.08 53.93 53.97 54 53.84 53.85 53.86 53.86 53.79 53.76 53.79 53.88 54.1 54.29 54.3 54.31 54.35 54.2
55.41 56.05 55.66 55.57 55.7 55.82 55.81 55.48 55.69 55.65 55.99 58.2 58.53 58.5 58.32 58.31 58.27 58.18 57.76 56.08 55.79 55.5 55.51 55.37 55.39 55.25 55.2 55.16 55.18 55.13 55.39 57.13 58.91 58.75 58.61 57.01 55.13 55.03 55.19 55.4 55.41 55.48 55.46 55.33 55.54 55.53 55.54 55.65 55.65 55.7 55.56 55.68 55.53 55.23 55.21 55.28 55.21 55.34 55.19 55.17 54.35 53.84 54.06 54.02 53.88 53.88 53.99 53.78 53.72 53.65 53.87 53.95 54.02 54.23 54.28 54.23 54.33 54.22
55.54 55.52 55.45 55.55 55.58 55.7 55.49 55.66 55.64 55.68 57.05 58.43 58.48 58.48 58.36 58.32 58.38 58.31 57.36 55.62 55.57 55.43 55.48 55.4 55.34 55.18 55.22 55.09 55.2 55.23 55.68 58.16 58.86 58.74 58.16 55.97 54.9 55.13 55.29 55.34 55.46 55.33 55.49 55.39 55.5 55.58 55.76 55.6 55.82 55.47 55.47 55.51 55.61 55.43 55.51 55.62 55.57 55.49 55 55.16 54.08 53.95 54.06 54.15 53.86 53.79 53.94 53.79 53.76 53.75 53.87 53.96 53.98 53.89 54.06 54.2 54.19 54.16
55.65 55.65 55.7 55.65 55.56 55.47 55.41 55.6 55.76 56 57.31 58.57 58.5 58.34 58.34 58.34 58.37 58.18 56.73 55.66 55.73 55.49 55.45 55.32 55.31 55.28 55.23 55.17 55.17 55.69 56.92 58.61 58.76 58.65 57.16 55.24 54.94 55.03 55.15 55.18 55.47 55.34 55.42 55.47 55.58 55.58 55.71 55.76 55.76 55.65 55.33 55.54 55.43 55.57 55.44 55.57 55.44 55.51 55.29 55.34 54.06 53.88 53.93 54.01 53.77 53.79 53.85 53.67 53.56 53.64 53.86 54 54.02 53.86 53.85 53.99 54.08 54.09
55.68 55.8 55.8 55.89 55.83 55.52 55.56 55.68 55.98 56.2 57.96 58.41 58.5 58.35 58.29 58.36 58.42 58.16 56.19 55.52 55.65 55.51 55.48 55.22 55.27 55.26 55.26 55.25 55.39 55.71 57.94 58.79 58.69 58.4 56.33 54.95 55 55.03 55.16 55.25 55.31 55.36 55.37 55.45 55.57 55.57 55.78 55.77 55.52 55.55 55.36 55.41 55.43 55.37 55.4 55.48 55.57 55.52 55.5 55 54.09 53.93 53.85 53.84 53.75 53.74 53.7 53.62 53.53 53.54 53.75 53.77 53.9 53.82 53.81 54 53.96 53.97
55.64 55.57 55.74 55.82 55.89 55.46 55.57 55.69 56 56.85 58.25 58.41 58.47 58.36 58.31 58.32 58.24 57.57 55.68 55.57 55.45 55.58 55.52 55.3 55.26 55.26 55.22 55.19 55.31 56.59 58.56 58.74 58.72 57.4 55.46 55.18 55.11 55.05 55.07 55.22 55.25 55.44 55.53 55.61 55.58 55.71 55.79 55.75 55.66 55.52 55.35 55.41 55.54 55.64 55.6 55.36 55.32 55.4 55.5 55.11 54.46 54.14 53.78 53.66 53.76 53.7 53.67 53.6 53.55 53.64 53.7 53.62 53.63 53.77 53.72 53.95 53.95 53.92
55.78 55.73 55.73 55.91 55.99 55.76 55.65 55.7 56.01 57 58.49 58.56 58.39 58.36 58.24 58.27 58.24 57.11 55.69 55.69 55.61 55.54 55.45 55.34 55.2 56.11 55.14 55.22 55.51 57.49 58.81 58.64 58.51 56.56 55.26 55.26 55.2 55.05 55.02 55.09 55.2 55.35 55.58 55.63 55.75 55.73 55.74 55.72 55.53 55.58 55.28 55.55 55.57 55.69 55.69 55.68 55.48 55.47 55.12 55.33 55.14 54.79 54.37 53.93 53.89 53.83 53.59 53.48 53.46 53.56 53.55 53.53 53.69 53.53 53.67 53.96 53.97 53.95
55.63 55.64 55.56 55.8 55.85 55.76 55.68 55.66 55.68 57.6 58.32 58.37 58.31 58.28 58.26 58.24 58.15 56.39 55.92 55.83 55.86 55.54 55.38 55.21 55.18 55.19 55.1 55.42 56.26 58.5 58.69 58.81 57.53 55.64 55.22 55.23 55.15 55.21 55.21 55.25 55.17 55.33 55.48 55.54 55.63 55.68 55.7 55.6 55.55 55.56 55.34 55.54 55.63 55.68 55.57 55.54 55.39 55.62 55.48 55.6 55.2 54.65 54.23 54.23 54.2 54.38 54.01 53.53 53.35 53.37 53.35 53.26 53.38 53.35 53.57 53.86 53.77 53.89
55.55 55.51 55.31 55.4 55.33 55.52 55.66 55.88 55.86 57.99 58.28 58.44 58.29 58.25 58.2 58.17 58.25 55.83 55.84 55.86 55.61 55.67 55.28 55.16 55.21 55.2 55.19 55.32 57.43 58.79 58.72 58.71 56.62 55.1 55.22 55.04 55.22 55.25 55.38 55.35 55.43 55.47 55.47 55.54 55.65 55.69 55.93 55.51 55.64 55.62 55.68 55.49 55.58 55.64 55.65 55.48 55.36 55.48 55.73 55.42 55.56 54.79 54.18 54.03 54.76 54.6 54.77 54.26 53.72 53.42 53.2 53.3 53.29 53.3 53.56 53.81 53.84 54.03
55.31 55.34 55.32 55.32 55.29 55.36 55.38 55.56 56.21 58.18 58.34 58.38 58.28 58.21 58.2 58.21 57.58 56.08 55.72 55.67 55.5 55.45 55.19 55.14 55.18 55.18 55.28 56.14 58.53 58.84 58.81 57.76 55.73 55.02 55.13 55.11 55.2 55.28 55.08 55.35 55.59 55.57 55.67 55.65 55.63 55.61 55.73 55.6 55.51 55.58 55.59 55.61 55.71 55.57 55.69 55.69 55.38 55.13 55.53 55.3 55.4 54.65 54.15 54.34 54.72 54.94 54.9 54.97 55.01 54.64 54.15 53.3 53.15 53.31 53.36 53.54 53.63 54.11
55.41 55.38 55.3 55.24 55.17 55.38 55.35 55.65 56.86 58.27 58.42 58.35 58.3 58.24 58.23 58.37 57.07 55.83 55.65 55.59 55.44 55.34 55.26 55.22 55.19 55.17 55.25 57.26 58.75 58.78 58.76 56.84 55.19 55.04 55.02 55.17 55.28 55.54 55.32 55.38 55.43 55.57 55.7 55.6 55.54 55.64 55.56 55.56 55.47 55.47 55.56 55.73 55.65 55.61 55.69 55.65 55.48 55.37 54.73 54.86 54.61 54.74 54.13 54.52 54.84 55.03 54.98 55.03 55.27 55.2 54.81 53.69 53.17 53.1 53.42 53.69 53.8 53.98
55.37 55.32 55.46 55.29 55.23 55.26 55.33 55.62 57.81 58.46 58.46 58.34 58.27 58.24 58.26 58.25 56.4 55.32 55.4 55.55 55.46 55.38 55.26 55.21 55.21 55.19 55.99 58.47 58.93 58.71 57.88 55.87 55.1 55.06 55.02 55.21 55.3 55.4 55.53 55.48 55.42 55.62 55.56 55.53 55.73 55.69 55.55 55.58 55.55 55.6 55.62 55.65 55.48 55.6 55.57 55.73 55.65 54.92 54.69 54.75 54.46 54.17 54.23 54.54 55.09 55.09 54.98 55.22 55.28 55.17 54.62 54.39 54.23 53.06 53.1 53.67 53.69 53.33
55.51 55.27 55.31 55.39 55.26 55.31 55.39 55.85 58.23 58.46 58.4 58.32 58.26 58.32 58.27 57.58 55.66 55.34 55.38 55.49 55.43 55.35 55.25 55.16 55.2 55.41 57.31 58.72 58.84 58.73 56.89 55.19 55.06 55.11 55.12 55.18 55.37 55.44 55.49 55.54 55.43 55.55 55.52 55.61 55.63 55.63 55.64 55.54 55.68 55.58 55.73 55.64 55.63 55.63 55.65 55.71 55.35 55.01 54.39 54.7 54.01 53.72 54.19 54.8 55.09 55.07 55.1 55.18 55.23 55.15 54.47 54.3 54.77 54.43 53.5 53.65 53.79 53.23
55.29 55.2 55.34 55.31 55.38 55.4 55.49 56.56 58.42 58.5 58.37 58.27 58.23 58.2 58.16 56.92 55.68 55.71 55.62 55.5 55.39 55.35 55.3 55.2 55.2 56 58.5 58.94 58.71 57.91 55.99 55.08 54.91 55.21 55.06 55.15 55.4 55.38 55.62 55.58 55.56 55.57 55.53 55.62 55.68 55.72 55.58 55.62 55.47 55.69 55.7 55.63 55.74 55.6 55.8 55.58 55.51 55.35 55.07 54.49 54.05 53.85 54.39 54.77 55.01 55.21 55.23 55.3 55.27 54.96 54.21 54.44 54.77 53.89 53.53 53.5 53.1 53.25
55.24 55.26 55.27 55.19 55.24 55.3 55.53 57.26 58.38 58.52 58.3 58.33 58.22 58.14 58.03 56.37 55.66 55.66 55.75 55.44 55.31 55.33 55.33 55.28 55.44 57.22 58.85 58.93 58.74 56.94 55.2 55.02 55.17 55.19 55.11 55.12 55.19 55.3 55.36 55.36 55.44 55.5 55.55 55.67 55.73 55.34 55.69 55.45 55.31 55.56 55.41 55.57 55.67 55.67 55.61 55.58 55.61 55.46 55.23 54.53 53.71 53.93 54.53 55.14 55.18 55.3 55.28 55.25 55.13 54.53 54.26 54.71 54.41 53.88 53.54 53.28 52.64 53.16
55.2 55.3 55.22 55.19 55.2 55.34 55.6 57.94 58.3 58.43 58.3 58.26 58.23 58.24 57.9 55.91 55.71 55.54 55.47 55.43 55.36 55.27 55.27 55.22 55.95 58.51 58.98 58.73 58.08 55.98 55.03 55.1 55.1 55.12 55.13 55.22 55.13 55.18 55.28 55.39 55.36 55.36 55.67 55.61 55.6 55.67 55.59 55.43 55.4 55.45 55.49 55.45 55.57 55.61 55.6 55.57 55.37 55.63 55.53 54.38 53.68 54.05 54.86 55.25 55.24 55.29 55.26 55.07 54.91 54.47 53.85 54.66 54.62 53.69 53.64 52.97 52.6 52.95
55.13 55.11 55.1 55.15 55.4 55.42 56.08 57.39 57.89 58.29 58.3 58.24 58.23 58.32 57.27 55.61 55.67 55.6 55.44 55.41 55.33 55.35 55.33 55.51 57.15 58.94 58.87 58.82 57.1 55.19 54.98 55.01 54.84 55.14 55.06 55.17 55.17 55.25 55.41 55.41 55.46 55.5 55.55 55.44 55.57 55.65 55.57 55.47 55.41 55.47 55.31 55.55 55.57 55.5 55.53 55.48 55.58 55.42 55.43 54.52 54.15 54.71 55.08 55.28 55.28 55.14 55.07 55.03 54.71 54.17 54.69 54.75 54.35 53.57 53.11 52.51 52.65 52.97
55.25 55.16 55.27 55.25 55.34 55.33 55.35 55.55 55.93 56.47 56.83 57.58 58.07 58.18 56.6 55.56 55.68 55.48 55.45 55.45 55.4 55.4 55.39 55.9 58.45 58.98 58.85 58.14 56.1 55.14 54.98 55.06 54.95 54.94 54.94 54.98 54.96 55.18 55.3 55.37 55.28 55.29 55.36 55.5 55.71 55.61 55.41 55.27 55.43 55.41 55.41 55.45 55.5 55.71 55.49 55.28 55.29 55.22 55.32 54.78 54.53 55.2 55.4 55.34 55.23 55.07 55.01 54.86 54.13 54.34 55.17 54.8 54.06 53.29 52.74 52.62 52.85 53.56
