Dane przykładowe/DEM/NMT2.asc
ncols         439
nrows         476
xllcenter     357520
yllcenter     503010
cellsize      5
nodata_value  -9999
[rows 136 to 169 of 476, columns 234 to 311 of 439]
64.33 64.42 63.57 62.6 61.65 61.41 61.34 60.98 60.54 60.35 60.25 60.13 60.08 60.04 59.97 60.01 60.03 59.97 59.68 59.53 59.55 59.51 59.33 59.18 59.05 59.14 59.06 58.92 58.81 58.73 58.6 58.51 58.47 58.48 58.38 58.42 58.45 58.32 58.27 58.28 58.26 58.24 58.25 58.19 58.15 58.07 57.97 57.82 57.68 57.57 57.42 57.33 57.18 57.01 56.91 56.72 56.6 56.48 56.37 56.28 56.16 56.14 56.02 55.92 55.94 55.91 55.99 55.91 55.79 55.69 55.57 55.54 55.48 55.41 55.24 55.24 55.18 55.15
64.43 64.21 63.02 62.28 61.59 61.35 61.18 60.75 60.46 60.34 60.21 60.11 60.05 59.96 60.01 59.97 60.02 59.85 59.59 59.41 59.42 59.41 59.26 59.1 59.02 59.1 59.03 58.89 58.82 58.68 58.55 58.53 58.43 58.4 58.42 58.36 58.3 58.26 58.22 58.16 58.15 58.14 58.23 58.26 58.19 58.1 57.98 57.87 57.74 57.61 57.42 57.27 57.16 56.99 56.82 56.69 56.57 56.47 56.35 56.24 56.14 56.09 56.02 55.91 55.84 55.85 55.94 55.87 55.75 55.65 55.56 55.45 55.47 55.36 55.27 55.16 55.23 55.15
64.65 63.63 61.9 61.53 61.45 61.4 60.85 60.45 60.21 60.13 60.16 60.06 60.08 60.04 59.91 59.88 59.77 59.7 59.58 59.49 59.37 59.29 59.17 59.04 59.03 59.09 58.92 58.83 58.76 58.69 58.6 58.48 58.37 58.37 58.43 58.3 58.28 58.25 58.18 58.07 58.15 58.24 58.26 58.26 58.23 58.07 57.87 57.85 57.66 57.57 57.45 57.26 57.14 57.02 56.8 56.62 56.49 56.43 56.32 56.21 56.11 56.05 56.01 55.9 55.84 55.8 55.88 55.83 55.7 55.57 55.48 55.44 55.38 55.31 55.32 55.2 55.13 55.09
64.86 63.59 61.58 61.5 61.4 61.21 60.66 60.39 59.84 60.04 59.97 59.93 59.97 59.88 59.82 59.81 59.77 59.63 59.47 59.47 59.34 59.25 59.1 59 59.08 58.93 58.73 58.65 58.78 58.61 58.57 58.43 58.43 58.43 58.32 58.33 58.34 58.2 58.11 58.03 58.13 58.18 58.25 58.34 58.24 57.93 57.75 57.86 57.81 57.4 57.36 57.21 57.1 56.94 56.78 56.59 56.44 56.33 56.26 56.15 56.06 55.99 55.96 55.9 55.81 55.73 55.8 55.83 55.69 55.54 55.47 55.47 55.35 55.26 55.22 55.26 55.16 55.1
64.93 63.2 61.53 61.52 61.39 61.05 60.64 59.18 58.89 58.92 59.06 59.66 59.93 59.87 59.55 59.36 59.35 59.31 59.29 59.23 59.19 59.22 59.01 58.95 59 58.76 58.53 58.46 58.54 58.61 58.52 58.4 58.31 58.28 58.26 58.29 58.25 58.26 58.12 58.06 58.14 58.31 58.25 58.3 58.2 58 57.64 57.57 57.49 57.43 57.26 57.14 56.99 56.85 56.71 56.55 56.42 56.3 56.17 56.09 56.05 55.98 55.91 55.86 55.82 55.74 55.76 55.8 55.65 55.47 55.41 55.36 55.3 55.25 55.15 55.11 55.06 55.04
64.78 62.38 61.66 61.56 61.24 60.8 60.55 59 58.93 58.88 58.9 58.89 58.94 59.02 59.17 59.14 59.19 59.24 59.13 59.1 59.2 59.07 58.97 58.9 58.96 58.65 58.49 58.39 58.35 58.38 58.48 58.4 58.25 58.21 58.15 58.19 58.03 58.28 57.92 58.01 58.17 58.45 58.38 58.21 58.2 57.65 57.49 57.41 57.47 57.31 57.17 57.04 56.89 56.83 56.65 56.51 56.37 56.24 56.12 56.03 55.99 55.9 55.84 55.82 55.76 55.72 55.72 55.75 55.62 55.47 55.36 55.33 55.27 55.19 55.14 55.08 55.03 55.07
63.74 61.81 61.67 61.44 61.27 60.62 60.33 58.98 58.99 59.09 58.97 58.94 58.91 58.9 58.92 58.94 58.97 59.11 59.08 59.12 59.21 59.04 58.95 59.02 58.86 58.61 58.44 58.36 58.29 58.25 58.28 58.26 58.25 58.12 58.05 58.06 57.83 57.79 57.87 57.93 58.02 58.05 58.09 58.14 58.02 57.63 57.41 57.26 57.23 57.17 57.07 56.97 56.75 56.66 56.56 56.43 56.34 56.27 56.15 56.04 56.07 55.84 55.81 55.77 55.7 55.67 55.6 55.72 55.61 55.48 55.34 55.28 55.22 55.16 55.12 55.14 55.04 55.05
63.02 61.75 61.68 61.3 61.02 60.5 59.22 58.93 58.93 58.96 58.98 59 59.11 58.97 58.95 58.91 58.91 58.95 59.07 59.16 59.19 58.99 58.9 58.94 58.71 58.58 58.43 58.38 58.27 58.13 58.08 58.08 58.07 58.1 57.94 57.79 57.69 57.74 57.82 57.82 57.85 57.83 57.93 57.81 57.62 57.49 57.36 57.18 57.03 56.94 56.93 56.87 56.73 56.6 56.48 56.39 56.25 56.2 56.03 56.03 55.92 56.01 55.79 55.66 55.64 55.65 55.57 55.64 55.58 55.46 55.37 55.28 55.16 55.08 55.13 55.03 54.97 55.01
62.44 61.87 61.44 61.04 60.52 60.44 58.98 58.91 58.88 58.89 58.94 58.92 58.96 58.98 58.99 59.08 58.98 58.98 59.09 59.22 59 58.95 58.85 58.92 58.7 58.55 58.4 58.31 58.15 58.04 58 58.06 58.26 57.96 57.88 57.8 57.7 57.75 57.73 57.94 57.68 57.69 57.68 57.36 57.42 57.37 57.23 57.05 56.97 56.89 56.86 56.76 56.65 56.48 56.42 56.34 56.21 56.21 56.1 55.96 55.88 55.79 55.73 55.69 55.62 55.55 55.48 55.55 55.53 55.45 55.32 55.22 55.11 55.04 54.97 55.02 55.01 55.09
62.74 61.88 61.33 60.55 60.4 60.33 58.99 59.03 59.04 58.93 58.92 58.87 58.88 58.92 58.94 58.97 58.98 59.01 59.09 59.22 58.99 58.92 59.04 58.82 58.69 58.58 58.42 58.29 58.16 58.03 58.01 58.19 58.45 58.02 57.69 57.67 57.72 57.7 57.57 57.54 57.5 57.6 57.37 57.29 57.26 57.17 57.08 57.04 56.85 56.83 56.79 56.66 56.51 56.42 56.37 56.29 56.17 56.13 56.05 55.98 55.89 55.83 55.7 55.65 55.59 55.63 55.43 55.5 55.5 55.4 55.27 55.13 55.02 55.02 55.02 54.99 55.05 54.92
62.5 61.21 60.64 60.55 60.35 59.26 58.96 58.96 58.99 59 59.02 59.12 58.96 58.93 58.88 58.92 58.95 59.11 59.16 59.2 58.98 58.85 59 58.8 58.62 58.53 58.38 58.26 58.16 58.06 58.02 58.37 58.4 57.85 57.56 57.61 57.5 57.54 57.54 57.39 57.36 57.41 57.16 57.09 57.05 56.99 57.05 56.86 56.79 56.8 56.69 56.59 56.45 56.35 56.32 56.24 56.18 56.07 55.98 55.93 55.85 55.68 55.66 55.7 55.63 55.43 55.34 55.43 55.47 55.38 55.2 55.06 55.01 54.96 54.98 54.94 54.93 54.88
62.06 60.83 60.64 60.51 60.24 58.96 58.93 58.91 58.91 58.94 58.95 58.97 58.98 58.99 59.04 58.96 58.95 59.12 59.21 58.99 58.94 58.8 59.04 58.99 58.6 58.47 58.26 58.26 58.12 58.06 58.05 58.51 58.21 57.63 57.51 57.55 57.48 57.49 57.47 57.4 57.29 57.21 57.03 56.99 56.96 56.85 56.81 56.71 56.78 56.75 56.63 56.46 56.35 56.28 56.16 56.19 56.09 56.03 55.94 55.86 55.8 55.75 55.74 55.59 55.52 55.56 55.29 55.38 55.44 55.33 55.18 55.07 54.94 54.92 54.88 54.85 55 54.94
61.44 60.96 60.02 60.42 59.55 59 59.02 58.97 58.93 58.91 58.91 58.93 58.94 58.95 58.95 58.99 59.04 59.2 59.23 58.94 58.89 58.99 58.93 58.86 58.84 58.43 58.28 58.18 58.13 58.02 58.07 58.52 57.92 57.49 57.45 57.48 57.43 57.4 57.35 57.31 57.32 57.15 57.06 56.92 56.81 56.72 56.7 56.67 56.73 56.64 56.5 56.34 56.29 56.21 56.21 56.13 56.04 55.97 55.79 55.81 55.77 55.7 55.62 55.58 55.44 55.41 55.27 55.31 55.34 55.32 55.1 55.02 54.91 54.86 54.76 54.81 55.01 55.11
61.43 59.7 59.43 59.23 59.04 59 58.91 58.94 58.98 59.03 59.03 58.89 58.9 58.91 58.94 58.97 59.1 59.25 59.19 58.93 58.86 58.86 58.96 58.84 58.65 58.59 58.25 58.19 58.09 58 58.19 58.46 57.73 57.44 57.47 57.39 57.38 57.31 57.24 57.27 57.19 57.19 57.09 56.91 56.88 56.69 56.65 56.69 56.65 56.52 56.48 56.4 56.23 56.18 56.14 56.14 56.01 55.96 55.87 55.81 55.72 55.65 55.58 55.49 55.46 55.35 55.29 55.22 55.31 55.25 55.14 54.94 54.89 54.83 54.75 54.69 54.93 54.84
61.47 59.54 59.44 59.28 59.14 59.03 58.93 58.93 58.88 58.94 58.95 58.92 59.01 58.91 58.93 58.95 59.19 59.26 59.07 58.93 58.81 58.95 58.95 58.78 58.76 58.75 58.44 58.05 57.96 57.92 58.36 58.27 57.55 57.44 57.41 57.3 57.33 57.24 57.19 57.13 57.07 57.01 57.03 56.94 56.83 56.71 56.64 56.63 56.53 56.43 56.35 56.25 56.27 56.24 56.04 56.04 55.93 55.85 55.87 55.81 55.7 55.6 55.69 55.73 55.37 55.33 55.26 55.16 55.23 55.22 55.11 54.96 54.87 54.78 54.75 54.7 54.89 54.79
59.74 59.68 59.75 59.63 59.23 59.16 59.04 59.01 58.96 58.96 58.92 58.88 58.91 58.89 58.91 58.99 59.22 59.25 58.96 58.9 58.93 59.12 59.02 58.73 58.76 59.51 58.66 58.04 57.91 57.88 58.47 57.85 57.41 57.46 57.31 57.28 57.24 57.22 57.15 57.09 57.04 57.02 56.87 56.85 56.82 56.7 56.64 56.58 56.45 56.37 56.32 56.17 56.17 56.12 56.08 56.02 55.92 55.84 55.82 55.82 55.69 55.6 55.52 55.69 55.36 55.29 55.16 55.1 55.18 55.19 55.07 54.95 54.89 54.83 54.73 54.74 54.79 54.7
59.89 59.96 59.97 59.82 59.31 59.24 59.28 59.09 59.09 59.05 59.01 59.01 58.97 58.93 58.92 59.02 59.2 59.2 58.94 58.85 58.88 59.01 58.97 58.87 58.79 58.74 58.67 58.51 57.84 58 58.43 57.67 57.46 57.45 57.25 57.26 57.17 57.13 57.1 57.06 56.92 56.86 56.73 56.74 56.75 56.72 56.57 56.52 56.38 56.32 56.24 56.18 56.15 56.08 56.03 55.92 55.9 55.88 55.79 55.67 55.64 55.56 55.47 55.43 55.28 55.24 55.21 55.16 55.13 55.18 55.1 54.95 54.86 54.77 54.74 54.69 54.71 54.72
60.18 60.2 60.08 59.88 59.5 59.4 59.28 58.42 58.57 59.24 59.14 59.11 59.12 59.05 59.04 59.03 59.06 59.06 58.96 58.85 59.01 59.1 59.08 58.95 59.11 58.76 58.7 58.48 58.07 58.14 58.28 57.59 57.47 57.39 57.43 57.27 57.11 57.07 57.12 56.94 56.82 56.74 56.71 56.65 56.66 56.63 56.52 56.49 56.37 56.24 56.19 56.07 56.1 56.03 55.98 56.05 55.82 55.81 55.68 55.65 55.63 55.56 55.48 55.36 55.25 55.2 55.14 55.1 55.05 55.14 55.05 54.93 54.92 54.88 54.84 54.76 54.72 54.62
60.24 60.24 60.3 60.51 60.55 59.9 59.52 57.86 59.36 59.41 59.29 59.3 59.27 59.18 59.15 59.2 59.13 59.03 58.96 58.91 59.34 59.17 59.23 58.99 58.98 58.82 58.8 58.65 58.39 58.45 58.11 57.59 57.43 57.25 57.21 57.13 57.15 57.02 56.88 56.81 56.69 56.68 56.7 56.64 56.66 56.54 56.48 56.38 56.36 56.21 56.14 56.08 56.08 56.05 55.86 55.78 55.75 55.67 55.64 55.56 55.44 55.46 55.37 55.37 55.31 55.27 55.18 55.16 55.08 55.12 55.07 54.93 54.82 54.74 54.69 54.66 54.65 54.6
60.42 60.37 60.35 60.42 60.44 60.47 60.55 57.3 59.85 59.42 59.47 59.47 59.39 59.32 59.36 59.33 59.18 59.01 58.91 58.87 58.95 58.99 59.01 58.95 58.91 58.85 58.78 58.64 58.3 58.32 57.95 57.49 57.49 57.22 57.08 57.05 56.94 56.9 56.79 56.7 56.72 56.68 56.66 56.58 56.57 56.51 56.38 56.29 56.21 56.2 56.12 56.09 56.02 55.94 55.83 55.77 55.69 55.62 55.53 55.5 55.4 55.38 55.3 55.32 55.14 55.14 55.06 55.1 54.98 55.09 55.03 54.93 54.83 54.77 54.73 54.72 54.68 54.61
60.36 60.36 60.48 60.48 60.37 60.38 58.59 57 60.1 59.56 59.62 59.65 59.51 59.48 59.47 59.35 59.25 59.01 58.89 59.01 58.93 58.98 59.02 59 58.95 58.84 58.81 58.74 57.95 58.31 57.83 57.46 57.48 57.2 57.04 56.96 56.95 56.82 56.74 56.7 56.67 56.67 56.64 56.54 56.52 56.46 56.32 56.26 56.19 56.21 56.13 56.04 55.93 55.88 55.78 55.72 55.59 55.51 55.46 55.45 55.36 55.3 55.3 55.2 55.07 55.19 55.06 55.07 54.99 55.06 55.05 54.96 54.78 54.77 54.71 54.67 54.66 54.61
60.39 60.4 60.4 60.42 60.37 60.45 60.4 60.36 60.31 59.7 59.74 59.72 59.63 59.66 59.49 59.34 59.08 58.97 58.99 59.1 59.17 59.23 59.1 59 58.9 58.88 58.86 58.64 58.15 58.28 57.69 57.39 57.29 57.13 57.06 57.02 56.96 56.87 56.79 56.68 56.61 56.64 56.64 56.44 56.42 56.43 56.3 56.23 56.14 56.12 56.07 55.99 55.9 55.82 55.76 55.64 55.72 55.72 55.49 55.41 55.34 55.32 55.23 55.19 55.15 55.13 55.07 55.01 54.98 55.02 55.04 54.96 54.8 54.79 54.72 54.75 54.64 54.6
60.39 60.39 60.39 60.39 60.31 60.3 60.34 60.37 59.77 59.86 59.88 59.83 59.77 59.81 59.46 59.31 59.05 58.98 59.02 59.07 59.23 59.17 59.24 59.08 58.88 58.88 58.85 58.65 58.28 58.06 57.57 57.51 57.27 57.1 57.05 57 56.97 56.92 56.68 56.59 56.54 56.5 56.45 56.4 56.36 56.32 56.3 56.21 56.12 56.02 56.04 55.95 55.91 55.84 55.71 55.79 55.59 55.56 55.48 55.4 55.57 55.3 55.25 55.17 55.16 55.14 54.99 54.98 54.95 55.03 55.01 54.92 54.83 54.76 54.81 54.66 54.65 54.61
60.39 60.39 60.39 60.39 60.49 60.32 60.34 60.35 59.93 60 60.12 59.92 59.9 59.77 59.43 59.33 59.06 58.98 59.1 59.13 59.16 59.16 59.16 59.03 58.97 58.87 58.6 58.44 58.42 58.02 57.56 57.52 57.31 57.16 57.04 56.99 56.91 56.86 56.67 56.6 56.49 56.39 56.4 56.32 56.36 56.3 56.22 56.17 56.1 56 56.01 55.92 55.85 55.78 55.7 55.72 55.6 55.54 55.38 55.35 55.31 55.3 55.22 55.14 55.1 55.09 55.01 54.97 54.92 54.97 54.97 54.91 54.84 54.77 54.74 54.68 54.73 54.63
60.41 60.4 60.38 60.38 60.45 60.41 60.31 60.31 60.06 60.15 60.11 60.01 60.09 59.46 59.37 59.16 59.08 59.01 59.17 59.44 59.5 59.42 59.35 59.01 58.95 58.98 58.6 58.51 58.32 58.1 57.64 57.47 57.35 57.17 57 56.97 56.91 56.68 56.64 56.55 56.46 56.38 56.38 56.33 56.33 56.29 56.2 56.09 56.01 55.91 55.88 55.85 55.81 55.7 55.7 55.61 55.52 55.55 55.45 55.35 55.33 55.29 55.16 55.13 55.09 55.07 55.42 54.94 54.86 54.96 54.96 54.95 54.81 54.76 54.74 54.69 54.69 54.66
60.36 60.35 60.39 60.45 60.42 60.33 60.37 60.11 60.2 60.25 60.18 60.17 60.23 59.46 59.4 59.15 59.07 59.11 59.26 59.35 59.31 59.26 59.38 59.32 58.97 58.82 58.7 58.35 58.28 57.93 57.72 57.59 57.35 57.17 57 56.93 56.85 56.68 56.62 56.46 56.4 56.27 56.27 56.19 56.3 56.2 56.09 56.01 55.89 55.9 55.8 55.86 55.72 55.7 55.63 55.54 55.54 55.4 55.34 55.29 55.29 55.2 55.14 55.09 55.06 55.03 54.97 54.99 54.89 54.93 54.96 54.91 54.83 54.75 54.79 54.73 54.68 54.65
60.4 60.4 60.39 60.37 60.45 60.36 60.45 60.18 60.31 60.45 60.26 60.26 60.09 59.44 59.38 59.12 59.03 59.14 59.24 59.31 59.41 59.44 59.35 59.25 58.98 58.86 58.69 58.44 58.38 58.01 57.82 57.45 57.31 57.2 57.06 57.01 56.85 56.72 56.68 56.49 56.34 56.29 56.24 56.18 56.22 56.09 56.06 55.97 55.93 55.84 55.78 55.78 55.66 55.65 55.63 55.54 55.46 55.36 55.29 55.27 55.22 55.14 55.09 55.05 55.03 55 54.94 54.89 54.83 54.88 54.93 54.93 54.83 54.76 54.75 54.75 54.72 54.67
60.42 60.38 60.38 60.39 60.41 60.4 60.33 60.22 60.32 60.33 60.31 60.43 59.5 59.47 59.31 59.1 59 59.22 59.29 59.44 59.33 59.35 59.34 59.03 58.89 58.83 58.59 58.52 58.38 58.01 57.71 57.55 57.37 57.25 57.19 57.07 56.86 56.74 56.62 56.41 56.39 56.25 56.21 56.14 56.14 56.07 56.01 55.94 55.86 55.81 55.74 55.7 55.71 55.65 55.63 55.55 55.45 55.35 55.26 55.32 55.14 55.1 55.04 54.98 54.95 54.92 54.88 54.95 54.93 54.9 54.94 54.89 54.87 54.76 54.81 54.77 54.75 54.64
60.43 60.45 60.42 60.42 60.35 60.4 60.15 60.27 60.34 60.32 60.31 60.45 59.38 59.45 59.19 59.1 59.18 59.33 59.18 59.17 59.12 59.3 59.34 59 58.84 58.91 58.4 58.49 58.44 58.08 57.81 57.63 57.48 57.39 57.26 57.17 56.95 56.74 56.57 56.44 56.38 56.19 56.14 56.17 56.05 56.02 55.96 55.89 55.79 55.71 55.72 55.69 55.67 55.59 55.52 55.5 55.45 55.3 55.27 55.22 55.12 55.05 54.99 55.06 55.03 54.94 54.93 54.85 54.92 54.91 54.97 54.94 54.86 54.79 54.79 54.77 54.71 54.67
60.4 60.4 60.42 60.49 60.36 60.32 60.2 60.31 60.5 60.27 60.36 60.32 59.43 59.45 59.2 59.09 59.15 59.3 59.15 59.15 59.05 59.04 59.01 58.99 58.93 58.9 58.47 58.55 58.47 58.05 57.82 57.66 57.54 57.64 57.3 57.1 56.88 56.72 56.53 56.45 56.34 56.22 56.12 56.14 55.99 55.93 55.86 55.8 55.7 55.7 55.71 55.7 55.61 55.54 55.61 55.46 55.41 55.29 55.22 55.19 55.22 55.16 55.09 55.01 55.05 55.03 54.89 54.85 54.97 54.92 54.93 54.93 54.83 54.8 54.84 54.8 54.75 54.66
60.4 60.4 60.4 60.39 60.36 60.32 60.22 60.34 60.36 60.31 60.4 59.4 59.49 59.44 59.19 59.07 59.35 59.2 59.2 59.11 59.11 59.08 59.01 58.93 59.01 58.81 58.56 58.51 58.3 58.08 57.9 57.77 57.77 57.55 57.3 57.08 56.89 56.7 56.48 56.41 56.24 56.16 56.03 56.09 55.9 55.88 55.81 55.82 55.73 55.77 55.73 55.62 55.64 55.59 55.43 55.3 55.37 55.38 55.32 55.21 55.11 55.11 55.05 55.03 55.04 54.96 54.87 54.99 54.94 54.93 54.94 54.92 54.83 54.81 54.78 54.7 54.74 54.72
60.39 60.39 60.39 60.36 60.33 60.16 60.26 60.38 60.31 60.32 60.45 59.46 59.5 59.26 59.18 59.1 59.25 59.19 59.32 59.17 59.09 59.07 59.12 59.05 59.04 58.71 58.58 58.55 58.12 58.14 57.99 57.92 57.98 57.71 57.35 57.24 56.92 56.65 56.47 56.37 56.23 56.19 55.99 56.05 55.86 55.87 55.8 55.72 55.67 55.67 55.6 55.56 55.55 55.52 55.46 55.38 55.33 55.27 55.21 55.15 55.09 55.14 55.12 55.05 55.03 54.95 54.89 54.92 54.95 54.94 54.94 54.92 54.87 54.81 54.73 54.73 54.69 54.67
60.49 60.48 60.4 60.34 60.33 60.2 60.29 60.38 60.32 60.35 60.31 59.5 59.5 59.28 59.16 59.2 59.19 59.22 59.17 59.18 59.26 59.23 59.12 59.08 59.07 58.72 58.62 58.56 58.26 58.1 57.91 57.95 57.84 57.64 57.39 57.1 56.95 56.69 56.63 56.38 56.21 56 55.99 55.91 55.88 55.81 55.76 55.71 55.62 55.74 55.55 55.59 55.49 55.38 55.42 55.31 55.3 55.26 55.19 55.17 55.13 55.12 55.07 55.01 55.01 54.95 54.96 54.94 54.92 54.88 54.91 54.94 54.88 54.81 54.82 54.75 54.7 54.67
60.42 60.4 60.37 60.39 60.32 60.22 60.32 60.34 60.3 60.39 60.22 59.65 59.46 59.25 59.11 59.16 59.15 59.16 59.15 59.12 59.33 59.14 59 58.99 59.3 58.67 58.63 58.48 58.43 58.27 57.79 57.75 57.82 57.63 57.38 57.09 56.93 56.67 56.58 56.63 56.17 55.98 55.99 55.86 55.85 55.88 55.65 55.65 55.55 55.61 55.55 55.44 55.44 55.65 55.36 55.32 55.28 55.23 55.12 55.11 55.04 54.98 55.01 54.97 54.89 54.86 54.89 54.9 54.87 54.87 54.91 54.92 54.88 54.79 54.73 54.66 54.68 54.63
