Dane przykładowe/DEM/NMT3.asc
ncols         438
nrows         475
xllcenter     357455
yllcenter     500695
cellsize      5
nodata_value  -9999
[rows 204 to 237 of 475, columns 156 to 233 of 438]
55.87 55.85 55.99 56.22 56.16 56.22 56.26 56.29 56.17 56.16 56 56.04 55.96 56.04 56.16 56.32 56.21 56.1 56.11 56.08 56.12 56.08 56.18 56.25 56.21 56.32 56.27 56.36 56.34 56.18 56.36 56.22 56.16 56.19 56.14 56.17 56.27 56.25 56.36 56.35 56.41 56.31 56.28 56.42 56.35 56.38 56.37 56.27 56.26 56.04 56.72 56.9 56.05 56.05 56.07 56.05 56.03 56.89 57.37 56.69 56.64 56.6 56.57 56.65 56.59 56.57 56.67 56.67 56.61 56.43 56.4 56.48 56.45 56.4 56.55 56.42 56.51 56.42
55.89 55.8 55.89 55.91 56.21 56.34 56.31 56.45 56.31 56.26 56.26 56.21 56.13 56.1 56.06 56.02 55.92 55.95 55.99 56.22 56.24 56.19 56.28 56.28 56.3 56.3 56.28 56.24 56.29 56.41 56.37 56.23 56.24 56.2 56.2 56.24 56.37 56.33 56.3 56.25 56.34 56.28 56.36 56.36 56.36 56.45 56.4 56.31 56.13 56.02 56.73 56.85 56.04 56.02 56.05 56.02 56.08 57.03 57.4 56.64 56.68 56.72 56.61 56.56 56.61 56.6 56.59 56.65 56.52 56.46 56.43 56.51 56.56 56.52 56.4 56.45 56.46 56.44
55.87 55.77 55.78 55.85 56.16 56.33 56.36 56.47 56.43 56.33 56.44 56.44 56.43 56.46 56.36 56.26 56.29 56.2 56.25 56.25 56.31 56.36 56.29 56.29 56.2 56.41 56.46 56.27 56.46 56.37 56.18 56.09 56.18 56.3 56.27 56.1 56.34 56.42 56.42 56.29 56.32 56.31 56.29 56.33 56.32 56.54 56.35 56.28 56.14 56.04 56.71 56.79 56.1 56.07 56.07 56.03 56.07 57.05 57.22 56.67 56.67 56.84 56.7 56.59 56.67 56.76 56.59 56.68 56.62 56.51 56.55 56.61 56.55 56.57 56.45 56.54 56.47 56.4
55.83 55.85 55.78 55.84 55.88 56.1 56.38 56.53 56.44 56.41 56.41 56.49 56.4 56.48 56.37 56.24 56.28 56.22 56.26 56.34 56.36 56.4 56.45 56.36 56.37 56.6 56.52 56.38 56.45 56.34 56.3 56.22 56.19 56.26 56.29 56.29 56.31 56.35 56.36 56.53 56.37 56.46 56.53 56.54 56.47 56.47 56.4 56.28 56.06 55.95 56.49 56.78 56.07 56.04 56.06 56.06 56.06 56.08 57.24 56.68 56.59 56.79 56.68 56.57 56.63 56.62 56.6 56.7 56.45 56.41 56.47 56.67 56.56 56.52 56.48 56.51 56.5 56.41
55.78 56.08 55.98 55.86 55.69 55.68 56.18 56.59 56.53 56.45 56.55 56.44 56.46 56.45 56.25 56.22 56.28 56.24 56.33 56.32 56.23 56.62 56.6 56.52 56.5 56.56 56.57 56.59 56.32 56.44 56.47 56.27 56.33 56.56 56.36 56.44 56.5 56.47 56.46 56.38 56.29 56.3 56.42 56.44 56.48 56.39 56.58 56.53 56.43 56.28 56.31 56.77 56.08 56.07 56.07 56.06 56.06 56.69 57.22 56.72 56.59 56.72 56.61 56.64 56.58 56.64 56.76 56.64 56.48 56.42 56.37 56.53 56.55 56.45 56.52 56.51 56.55 56.42
55.83 55.87 55.96 55.88 55.77 55.72 55.91 56.48 56.61 56.58 56.6 56.43 56.33 56.21 56.29 56.35 56.32 56.34 56.34 56.19 56.38 56.65 56.52 56.56 56.53 56.6 56.6 56.57 56.5 56.09 56.03 56.29 56.45 56.36 56.39 56.46 56.44 56.54 56.58 56.45 56.65 56.52 56.6 56.56 56.58 56.52 56.47 56.38 56.27 56.35 56.42 56.66 57.05 56.82 56.47 56.52 56.08 56.94 57.1 56.84 56.64 56.69 56.55 56.58 56.54 56.64 56.69 56.57 56.47 56.43 56.52 56.56 56.47 56.43 56.59 56.6 56.51 56.24
55.83 55.86 56.05 55.97 55.84 55.69 55.84 56.03 56.58 56.46 56.3 56.15 56.14 56.39 56.35 56.36 56.32 56.29 56.27 56.36 56.58 56.62 56.57 56.6 56.63 56.63 56.58 56.51 56.04 55.88 55.99 56.22 56.37 56.4 56.42 56.36 56.41 56.47 56.47 56.52 56.43 56.49 56.5 56.52 56.5 56.56 56.58 56.62 56.47 56.4 56.49 56.39 56.27 56.37 56.64 56.78 56.91 56.86 56.89 56.76 56.83 56.57 56.59 56.5 56.42 56.69 56.56 56.55 56.43 56.49 56.53 56.56 56.44 56.6 56.5 56.58 56.47 56.19
55.96 55.9 55.82 55.94 55.74 55.91 55.93 55.9 56.08 56.17 56.13 56.17 56.37 56.42 56.29 56.32 56.27 56.14 56.38 56.29 56.64 56.69 56.45 56.52 56.63 56.64 56.44 56.38 55.87 55.79 56.02 56.22 56.31 56.52 56.52 56.41 56.51 56.51 56.59 56.45 56.43 56.32 56.25 56.04 55.55 56.35 56.34 56.38 56.34 56.43 56.28 56.28 56.25 56.32 56.36 56.37 56.45 56.58 56.7 56.62 56.73 56.67 56.66 56.47 56.55 56.54 56.53 56.49 56.43 56.34 56.52 56.41 56.53 56.6 56.57 56.61 56.37 56.21
56.03 55.98 55.97 55.83 55.89 55.95 55.99 55.94 55.88 56.16 56.39 56.35 56.38 56.32 56.39 56.39 56.36 56.2 56.09 56.31 56.52 56.44 56.03 55.71 55.7 55.73 55.65 55.76 55.75 55.83 56.02 56.2 56.37 56.52 56.51 56.52 56.33 56.13 55.98 55.14 55.58 55.29 54.96 55.08 55.53 55.84 55.9 55.95 56.36 56.46 56.27 56.18 56.23 56.3 56.2 56.1 56.29 56.66 56.79 56.75 56.7 56.63 56.55 56.49 56.61 56.59 56.66 56.66 56.43 56.5 56.54 56.45 56.53 56.55 56.6 56.54 56.26 56.28
56.01 55.91 56.03 55.85 55.86 55.97 55.86 56.14 55.95 56.06 56.13 56.33 56.24 56.39 56.42 56.25 56.21 56.29 55.72 55.45 55.19 55.12 54.63 54.29 54.02 54.04 55.64 55.64 55.66 55.78 56.04 56.2 56.42 56.5 56.54 56.64 56.38 56.34 56.34 56.19 55.89 55.79 55.91 55.64 56.36 56.04 55.86 55.83 56.24 56.32 56.14 56.12 56.2 56.13 56.06 55.98 56.23 56.85 57.02 57.05 57.08 56.65 56.73 56.61 56.45 56.54 56.51 56.51 56.49 56.59 56.59 56.48 56.56 56.57 56.64 56.48 56.22 56.31
55.97 56.01 56.17 56.13 55.82 55.78 56.16 56.29 56.11 56.15 56.1 56.14 56.25 56.36 56.1 55.68 54.98 54.74 54.34 53.98 53.64 53.36 53.07 53.08 53.18 54.08 55.39 55.56 55.66 55.92 56.04 56.25 56.41 56.53 56.55 56.54 56.43 56.36 56.3 56.26 55.81 55.74 55.88 56.05 55.98 55.53 55.92 55.69 56.3 56.27 56.24 56.13 56.16 56.07 55.99 56.16 56.53 56.92 56.78 56.77 56.83 56.61 56.68 56.71 56.7 56.55 56.37 56.39 56.37 56.59 56.58 56.48 56.46 56.58 56.53 56.35 56.27 56.25
56.04 55.91 55.99 56.23 56.03 55.84 55.99 56.19 56.26 56.2 56.21 56.14 56.02 55.79 54.78 54.26 53.74 53.21 53 52.96 52.99 52.96 52.98 53.02 53.35 54.6 55.25 55.56 55.68 55.83 55.97 56.31 56.35 56.42 56.54 56.53 56.49 56.34 56.33 56.02 55.8 55.86 55.93 56.04 56.17 55.99 56.02 56.08 56.35 56.37 56.34 56.38 56.16 56.13 56.01 56.2 56.92 56.03 56.07 56.06 56.04 56.05 56.65 56.25 56.77 56.58 55.86 55.96 56.16 56.36 56.43 56.7 56.61 56.45 56.51 56.31 56.19 56.07
56.22 56.08 55.97 55.98 56.13 56.04 56.06 56.13 56.18 56.25 56.19 55.7 54.72 54.24 53.83 53.28 53.16 53.04 52.9 52.87 52.91 52.93 52.97 53.12 53.21 55.14 55.48 55.55 55.57 55.87 56.18 56.24 56.25 56.38 56.41 56.4 56.35 56.35 56.35 55.87 55.95 55.82 55.9 56.02 56.03 56.05 56.05 56.09 56.34 56.39 56.45 56.35 56.15 56.04 56.21 56.94 56.85 56.04 56.02 56.04 56.04 56.01 56.04 56.65 56.81 56.63 55.66 55.61 55.73 56.04 56.51 56.41 56.39 56.54 56.4 56.24 56.12 56.16
56.23 56.15 56.04 56.01 56.16 56.14 56.16 56.15 56.15 55.92 54.94 54.6 54.67 54.61 53.78 53.23 53.19 52.99 52.91 52.95 53.24 53.47 53.93 54.13 54.49 55.45 55.66 55.52 55.67 55.76 56.29 56.38 56.34 56.4 56.25 56.28 56.32 56.35 56.55 56.58 56.68 56.95 57.08 56.64 56.25 56.26 56.3 56.18 56.39 56.35 56.43 56.53 56.38 56.05 56.55 57.01 56.08 56.13 56.1 56.07 56.03 56.06 56.06 56.65 56.6 55.79 55.42 55.45 55.62 55.76 55.75 56.32 56.45 56.42 56.41 56.35 56.21 56.11
56.09 56.02 56.07 56.04 56.11 56.23 56.34 56.28 55.68 54.97 54.94 54.43 54.57 54.47 53.66 53.44 53.35 53.32 54.18 55.12 55.53 55.46 55.64 55.7 55.9 55.9 55.77 55.71 55.71 55.72 56.06 55.49 55.8 55.8 56.11 56.22 56.45 56.13 56.93 56.91 57.02 57.2 57.23 56.79 56.19 56.24 56.2 56.35 56.29 56.32 56.34 56.31 56.15 56.2 57.29 56.83 56 56.03 56.06 56.04 56.02 56.05 56.15 56.71 56.47 55.49 55.34 55.38 55.38 55.43 55.37 55.45 56.01 56.37 56.38 56.43 56.46 56.35
55.89 55.94 55.97 55.81 55.96 56.23 56.22 56.08 55.33 55.17 54.74 54.65 54.88 54.92 53.96 54.11 54.56 55.16 55.63 55.4 55.75 55.87 55.51 55.69 55.92 55.96 55.82 55.74 55.59 55.46 55.49 55.49 55.59 55.54 55.58 55.56 55.51 55.76 56.39 56.34 56.69 56.29 56.05 56.17 56.22 56.19 56.21 56.33 56.23 56.26 56.23 56.2 56.24 57.1 57.18 56.06 55.97 56 56.03 56.06 56.03 56.04 56.27 56.66 56.46 55.31 55.4 55.34 55.4 55.25 55.38 56.17 56.1 55.78 56.54 56.43 56.28 56.39
55.83 55.65 55.39 55.34 55.53 55.45 55.97 55.82 55.89 55.12 54.92 54.96 54.53 54.74 55.5 55.86 55.67 55.71 55.71 55.36 55.98 55.28 55.19 55.63 55.96 55.92 55.82 55.69 55.52 55.75 55.53 55.65 55.59 55.57 55.62 55.62 55.63 55.61 55.67 55.65 56.75 55.96 56.1 56.28 56.42 56.19 56.21 56.19 56.23 56.2 56.27 56.17 56.22 57.38 57.22 55.91 55.94 55.97 56.01 56.04 56.07 56.07 56.46 56.63 55.57 55.22 55.27 55.31 55.26 55.26 55.28 56.33 56.4 56.51 56.48 56.48 56.39 56.39
55.51 55.3 55.15 55.29 54.86 54.72 55.34 55.95 55.85 55.17 55.11 55.34 55.53 55.77 55.52 55.56 55.67 55.89 55.55 55.3 55.36 55.42 55.64 56.03 55.94 55.91 55.84 55.68 55.65 55.63 55.64 55.61 55.51 55.49 55.55 55.59 55.52 55.55 55.54 55.53 55.55 55.67 55.69 56.52 56.64 56.54 56.42 56.74 56.51 56.33 56.22 56.15 56.37 57.45 56.69 56.05 56.04 56.01 55.99 56.02 56.04 56.09 56.83 56.65 55.39 55.26 55.31 55.36 55.36 55.21 55.82 56.27 56.34 56.4 56.56 56.54 56.46 56.46
55.38 55.26 55.1 55.06 54.9 54.79 54.71 55.79 55.56 55.37 55.38 55.12 55.26 55.24 55.49 55.62 55.62 55.82 55.56 55.67 55.78 55.71 56.02 56.1 55.94 55.93 55.76 55.63 55.61 55.56 55.56 55.66 55.51 55.48 55.57 55.51 55.55 55.53 55.51 55.53 55.53 55.56 55.77 56.69 56.77 56.59 56.67 56.32 56.93 56.87 56.47 56.13 57.05 57.18 56.11 56.08 56.08 56.08 56.08 56.06 56.05 56.17 56.74 56.78 55.42 55.37 55.42 55.41 55.26 55.29 55.89 56.06 56.35 56.42 56.38 56.45 56.39 56.44
55.35 55.21 55.14 55.02 54.89 54.78 55.28 55.74 55.05 54.94 54.89 55.09 55.13 55.34 55.32 55.49 55.67 55.83 55.76 55.57 55.66 55.76 56.11 56.03 55.93 55.95 55.46 55.47 55.44 55.47 55.48 55.56 55.52 55.63 55.48 55.45 55.37 55.48 55.56 55.52 55.51 55.47 55.81 56.69 56.64 56.05 56.03 56.06 56.03 56.06 57.53 56.42 57.27 57.18 56.1 56.09 56.08 56.06 56.05 56.07 56.08 56.47 56.52 56.39 55.44 55.41 55.4 55.47 55.33 55.4 55.9 55.98 56.17 56.22 56.18 56.33 56.47 56.59
55.17 55.16 55.11 55.01 54.93 54.86 55.07 55.62 55.12 55 54.93 55.09 55.2 55.37 55.31 55.44 55.8 55.81 55.67 55.51 55.64 56.13 56.14 56.04 55.96 55.48 55.36 55.45 55.46 55.52 55.56 55.62 55.57 55.53 55.51 55.5 55.48 55.54 55.58 55.56 55.59 55.57 56.37 56.68 56.61 56.02 56.02 56.06 56.04 56.03 57 56.95 57.1 56.84 56.03 56.04 56.05 56.05 56.06 56.07 56.04 56.68 56.65 55.55 55.31 55.35 55.43 55.56 55.45 55.45 55.99 56.21 56.33 56.14 56.22 56.31 56.51 56.73
55.18 55.15 55.07 54.99 55.07 55.07 55.27 55.26 55.2 55.19 55.17 55.41 55.29 55.42 55.43 55.56 55.93 55.84 55.68 55.81 56.09 56.1 56.12 56.09 56 55.31 55.28 55.51 55.62 55.64 55.64 55.61 55.49 55.53 55.5 55.49 55.52 55.52 55.55 55.63 55.56 55.62 56.05 56.73 56.66 56.02 56.03 56.04 56.07 56.08 57.2 57.1 57.16 56.07 56.1 56.08 56.07 56.07 56.08 56.09 56.17 56.75 56.73 55.57 55.42 55.44 55.74 55.86 55.6 55.4 56.07 56.17 56.29 56.31 56.09 56.32 56.49 56.49
55.26 55.12 55.05 55.21 55.19 55.22 55.33 55.32 55.27 55.33 55.35 55.32 55.45 55.41 55.37 55.65 55.76 55.71 55.77 55.98 56.17 56.15 56.08 56.09 55.67 55.52 55.55 55.63 55.7 55.74 55.72 55.62 55.52 55.46 55.49 55.47 55.51 55.46 55.49 55.47 55.52 55.58 56.64 56.74 56.57 56.05 56.04 56.02 56.03 56.06 57.25 57.11 57.07 56.33 56.12 56.12 56.09 56.04 56.11 56.04 56.37 56.65 56.81 55.5 55.54 55.63 55.94 55.9 55.69 55.43 55.46 56.16 56.32 56.36 56.18 56.16 56.26 56.38
55.3 55.29 55.14 55.22 55.34 55.33 55.45 55.43 55.36 55.43 55.43 55.52 55.45 55.43 55.4 55.39 55.47 55.65 55.72 56.22 56.22 56.11 56.08 56.08 55.82 55.69 55.65 55.72 55.6 55.72 55.67 55.49 55.3 55.17 55.22 55.27 55.34 55.37 55.37 55.3 55.34 55.41 56.73 56.68 56.12 56.04 56.07 56.06 56.04 56.11 57.1 57.13 56.82 56.03 56.06 56.09 56.09 56.08 56.07 56.06 56.61 56.76 56.54 55.36 55.48 55.52 55.69 55.91 55.8 55.65 55.33 56.2 56.37 56.36 56 56.23 56.09 56.07
55.47 55.45 55.4 55.36 55.4 55.48 55.56 55.46 55.36 55.38 55.45 55.35 55.32 55.23 55.18 55.22 55.3 55.37 55.56 56.26 56.16 56.17 56.11 55.81 55.75 55.55 55.63 55.59 55.51 55.52 55.34 55.21 55.15 55.18 55.22 55.3 55.2 55.28 55.33 55.39 55.41 55.96 56.76 56.63 56.1 56.04 56.06 56.15 56.11 56.55 57.05 57.25 56.08 56.04 56.06 56.1 56.06 56.06 56.03 56.12 56.71 56.81 55.51 55.28 55.4 55.39 55.6 55.85 55.74 55.63 55.48 55.54 56.28 56.03 56.05 56.19 56.06 55.84
55.68 55.7 55.6 55.51 55.55 55.52 55.44 55.58 55.36 55.4 55.35 55.46 55.26 55.31 55.22 55.27 55.47 55.48 56.2 56.23 56.12 56.07 56.1 55.4 55.29 55.26 55.3 55.34 55.37 55.35 55.34 55.27 55.3 55.38 55.51 55.47 55.43 55.44 55.54 55.6 55.57 56.5 56.72 56.66 56.01 56.03 56.11 56.08 56.15 56.85 57.09 57.14 56.07 56.07 56.07 56.1 56.03 56.05 56.06 56.04 56.68 56.78 55.29 55.24 55.41 55.36 55.49 55.55 55.58 55.6 55.63 55.55 55.41 56.16 55.79 55.28 55.44 55.29
55.73 55.75 55.72 55.7 55.66 55.61 55.66 55.66 55.66 55.45 55.39 55.26 55.19 55.36 55.27 55.3 55.34 55.91 56.26 56.1 56.03 56 55.2 55.05 55.21 55.43 55.53 55.7 55.73 55.53 55.58 55.64 55.58 55.63 55.46 55.36 55.39 55.49 55.62 55.65 55.6 56.78 56.73 56.61 56.02 55.97 55.98 56.05 56.08 57.06 57.08 57.02 56.07 56.06 56.04 56.02 56.03 56.05 56.08 56.66 56.74 56.85 55.55 55.3 55.35 55.38 55.47 55.38 55.51 55.65 55.81 55.59 55.58 55.31 55.31 55.14 55.15 55.6
55.79 55.81 55.83 55.83 55.83 55.68 55.77 55.62 55.55 55.49 55.42 55.41 55.39 55.41 55.39 55.47 55.57 56.32 56.2 56.07 56.03 56.07 55.11 55.33 55.64 55.71 55.81 55.85 55.78 55.7 55.8 55.74 55.85 55.75 55.67 55.59 55.58 55.71 55.87 55.76 55.69 56.67 56.73 56.58 56.01 56.01 56.06 56.06 56.09 57.19 57.13 56.49 56.08 56.05 56.02 56 55.99 56.04 56.05 56.81 56.91 56.41 55.28 55.33 55.28 55.55 55.43 55.5 55.39 55.51 55.68 55.6 55.58 55.42 55.24 55.1 55.2 56.57
55.82 55.92 55.82 55.78 55.92 55.8 55.91 55.74 55.83 55.49 55.36 55.44 55.38 55.45 55.44 55.53 56.41 56.37 56.24 56.08 56.07 55.07 54.76 54.99 55.32 55.25 55.38 55.33 55.46 55.46 55.7 55.66 55.8 55.73 55.53 55.52 55.6 55.76 55.7 55.47 55.57 56.85 56.71 56.16 56.05 55.98 55.98 56 56.1 57.05 57.16 56.33 56.03 56.01 56 55.98 55.97 55.98 56.16 56.85 56.96 55.79 55.3 55.29 55.31 55.77 55.82 55.51 55.47 55.4 55.52 55.65 55.56 55.6 55.34 55.17 56.27 56.54
55.81 55.87 55.9 55.89 55.97 55.88 55.85 55.87 55.76 55.72 55.67 55.68 55.61 55.57 55.53 56.01 56.46 56.29 56.18 56.1 56.07 54.59 54.45 54.47 54.59 54.72 54.65 54.86 54.99 55.11 55.22 55.32 55.32 55.41 55.4 55.57 55.41 55.46 55.44 55.52 55.76 56.88 56.81 56 56.02 56.05 56.03 56.04 56.66 56.94 57.1 56.08 56.09 56.09 56.09 56.1 56.11 56.06 56.61 56.95 57.1 55.44 55.35 55.41 55.63 56.03 55.92 55.98 55.57 55.51 55.51 55.57 55.74 55.66 55.58 55.77 56.6 56.55
55.91 55.93 55.9 55.86 55.95 55.81 55.86 55.92 55.95 55.93 55.97 55.8 55.98 55.88 55.68 56.43 56.33 56.23 56.07 56.05 55.33 54.65 54.48 54.32 54.21 54.38 54.59 54.72 55.07 55.34 55.48 55.53 55.56 55.62 55.64 55.74 55.63 55.43 55.56 55.54 56.57 56.9 56.8 56.18 56.1 56.01 56.05 56.09 57.08 57.07 57.16 56.1 56.06 56.1 56.09 56.08 56.1 56 56.84 57.05 57.09 55.47 55.4 55.4 55.51 55.63 55.83 55.86 55.68 55.37 55.41 55.49 55.68 55.68 55.49 56.72 56.54 56.6
55.86 55.91 55.88 55.85 55.95 55.95 55.88 56.2 56.07 55.98 55.94 55.92 55.87 55.87 56.39 56.41 56.27 56.13 56.11 56.03 54.76 54.87 55.02 54.67 54.37 54.38 54.43 54.55 54.9 55.2 55.3 55.39 55.49 55.54 55.58 55.68 55.55 55.58 55.65 55.67 56.77 56.85 56.58 56.07 56.08 56.1 56.05 56.01 57.03 57.04 57.04 56.03 56.06 56.07 56.09 56.16 56.04 55.95 57 57.09 56 55.4 55.46 55.51 55.61 55.8 55.69 55.49 55.49 55.44 55.5 55.44 55.77 55.84 56.54 56.86 56.61 56.64
55.83 55.89 56 56.05 55.96 55.91 55.95 55.98 54.85 54.48 56.07 55.74 55.92 56.32 56.31 56.31 56.18 56.15 56.11 55.26 54.76 54.48 54.73 54.75 54.43 54.54 54.66 54.87 55.14 55.26 55.36 55.61 55.87 55.76 55.76 55.65 55.76 55.66 55.67 55.68 56.05 56.7 56.09 56.07 56.05 56.02 56.01 56.13 57.01 57.15 56.18 55.96 55.99 56.03 56.05 56.05 56.17 56.37 57.16 57.15 55.66 55.41 55.38 55.54 55.76 55.66 55.65 55.5 55.32 55.37 55.49 55.42 55.72 56.1 56.62 56.73 56.73 56.62
55.89 56.02 56.04 56.06 55.98 55.94 56.21 56.97 57.41 57.21 56.38 55.99 56.13 56.26 56.2 56.18 56.12 56.14 55.78 55.92 55.38 55.18 54.77 54.3 53.98 53.96 54.54 54.76 55.17 55.34 55.56 55.79 55.83 55.86 55.83 55.82 55.8 55.78 55.76 56.71 56.8 56.67 56.1 56.07 56.05 56.02 56.01 56.81 57.07 57.21 56.1 56.01 55.97 55.99 56.01 56.03 56.18 56.67 57.07 56.85 55.5 55.45 55.48 55.62 55.96 55.97 55.71 55.52 55.45 55.15 55.28 55.4 55.76 56.51 56.62 56.74 56.62 56.61
