Dane przykładowe/DEM/NMT3.asc
ncols         438
nrows         475
xllcenter     357455
yllcenter     500695
cellsize      5
nodata_value  -9999
[rows 68 to 101 of 475, columns 312 to 389 of 438]
56.31 56.35 56.09 55.66 55.62 55.4 55.32 55.16 54.92 54.91 54.68 54.46 54.44 54.24 54.12 54.12 54.12 53.98 53.92 54 54 53.96 53.95 53.86 53.83 53.96 54.06 54.59 54.71 54.11 52.48 51.76 51.79 51.81 51.83 51.84 51.76 51.75 51.73 51.74 51.76 51.79 51.81 52.05 52.5 52.29 52.54 52.55 53.16 54.38 54.72 55.08 57.3 59.98 60.19 59.99 59.73 59.95 60.01 60.13 60.24 60.34 60.45 60.65 60.44 60.47 60.6 62.57 66.23 66.36 66.35 66.21 66.32 66.4 66.59 66.56 66.59 66.59
56.22 56.18 55.98 55.8 55.47 55.39 55.28 55.03 55.29 54.75 54.64 54.48 54.32 54.16 54.09 53.98 54.01 53.87 53.98 53.99 54.06 54.03 53.85 53.87 53.88 54.08 54.32 54.47 54.51 53.04 51.78 51.75 51.78 51.8 51.82 51.85 51.87 51.84 51.77 51.73 51.72 51.75 51.88 52.21 52.54 52.51 52.53 52.73 53.61 54.49 54.92 56.43 59.71 59.86 60.26 60.25 60.22 60.28 60.36 60.4 60.5 60.61 60.6 60.67 60.49 60.56 60.67 63.49 66.29 66.42 66.3 66.34 66.36 66.49 66.64 66.9 66.64 66.7
56.37 56.23 55.84 55.76 55.55 55.45 55.31 55.04 54.83 54.83 54.52 54.55 54.25 54.19 54.04 54.05 53.84 53.91 53.99 54.05 53.97 53.91 53.76 53.78 53.96 54.01 54.28 54.46 54.15 52.23 51.96 51.91 51.86 51.81 51.82 51.84 51.86 51.88 51.89 51.76 51.77 51.85 52.25 53.1 52.55 52.4 52.76 52.78 53.87 54.37 55.16 58.42 60.12 60.24 60.34 60.35 60.42 60.31 60.48 60.52 60.53 60.48 60.59 60.42 60.47 61.06 61.98 66.2 66.44 66.47 66.24 66.42 66.47 66.66 66.68 66.75 67.22 66.99
56.34 56.24 55.72 55.65 55.5 55.4 55.1 55.03 54.82 54.64 54.58 54.34 54.26 54.11 54.13 54.06 53.86 54.01 54.13 54.15 54.14 53.88 53.75 53.93 54.02 53.88 54.16 54.42 52.77 51.89 51.87 51.89 51.91 51.92 51.94 51.96 51.93 51.88 51.9 51.92 51.75 52.23 53.21 53.05 52.94 53.37 53.35 53.71 54.24 54.63 56.96 60.05 60.28 60.33 60.41 61.41 60.56 60.33 60.58 60.45 60.44 60.51 60.51 60.45 60.54 61.23 63.08 66.24 66.38 66.32 66.32 66.41 66.49 66.63 66.74 66.89 66.87 67.51
56.25 56.09 55.92 55.7 55.51 55.33 55.09 55.1 54.81 54.51 54.64 54.21 54.07 54.09 54.23 54.11 53.9 54.09 54.21 54.74 54.65 54.39 54.23 53.86 53.97 53.7 53.96 54.39 52.73 51.83 51.78 51.78 51.79 51.81 51.83 51.84 51.86 51.88 51.9 51.92 51.93 52.64 53.53 53.28 53.74 54.18 54.16 54.34 54.75 56.77 58.69 60.03 60.21 60.26 60.4 61.78 60.33 60.26 60.44 60.92 61.06 60.52 60.47 60.63 60.58 61.01 63.7 65.1 66.43 66.19 66.34 66.5 66.62 66.72 66.8 66.88 67.04 67.19
56.25 55.94 55.87 55.59 55.43 55.2 55.11 55.06 54.7 54.53 54.55 54.27 54.07 53.77 54.13 54 54.06 54.08 54.27 54.82 54.82 54.69 54.6 54.17 54.07 53.5 54.14 53.65 52.74 51.76 51.72 51.75 51.79 51.79 51.76 51.75 51.8 51.78 51.8 51.82 51.83 52.93 53.52 53.25 53.83 54.1 54.47 54.31 55.73 59 60.02 59.97 60.14 60 60.2 60.21 60.05 60.38 60.54 60.76 61.04 61.54 61.7 61.66 61.45 62.59 66.17 66.3 66.3 66.22 66.47 66.47 66.69 66.86 66.89 66.95 67.03 66.39
56.22 55.82 55.73 55.67 55.34 55.22 55.19 54.9 54.55 54.49 54.33 54.28 54.07 53.84 53.81 54.13 54.02 54.16 54.41 54.9 54.89 54.81 54.59 53.94 54 53.51 54.01 53.3 52.09 51.82 51.78 51.74 51.74 51.75 51.8 51.81 51.79 51.76 51.74 51.72 51.78 53.13 52.88 53.04 53.73 54.03 54.19 54.7 57.69 59.88 60.08 59.97 59.86 59.9 59.85 60.05 60.31 60.36 60.6 60.79 61.15 61.27 61.48 62.12 62.67 64.26 66.23 66.35 66.13 66.25 66.39 66.47 66.67 66.88 66.97 67.14 67.07 66.92
56.07 55.8 55.82 55.6 55.47 55.17 55.11 54.91 54.58 54.44 54.33 54.3 54.05 53.8 53.77 53.99 54.1 54.33 54.99 55 54.9 54.83 54.44 54.12 54.1 53.69 53.43 52.03 51.9 51.87 51.83 51.79 51.75 51.73 51.75 51.76 51.81 51.83 51.81 51.78 51.86 52.89 52.77 53.04 53.73 54 54.24 55.68 59.17 59.96 60.29 60.18 60.09 59.91 59.87 60.03 60.03 60.59 60.51 60.67 61.15 61.39 61.58 61.71 61.92 62.77 64.51 66.07 66.04 66.17 66.33 66.49 66.64 66.86 67.07 67.02 66.94 66.94
55.95 55.82 55.73 55.55 55.3 55.18 55.07 54.86 54.67 54.49 54.3 54.2 54.1 53.83 53.81 53.91 54.1 54.37 54.98 54.95 54.89 54.71 54.21 54.88 54.8 54.03 52.45 51.89 51.89 51.89 51.88 51.85 51.8 51.76 51.73 51.75 51.76 51.78 51.81 51.85 52.02 52.69 52.76 53.09 53.78 54.16 54.41 57.49 60.09 60.25 60.19 60.15 60.09 60 59.94 60.2 60.09 60.56 60.52 60.68 61.03 61.32 61.51 61.77 61.69 62.13 62.32 63.69 65.1 65.81 66.21 66.26 66.47 66.67 66.75 66.79 66.86 67.05
55.78 55.82 55.68 55.51 55.23 55.13 54.93 54.78 54.66 54.45 54.22 54.18 54.19 53.91 53.87 53.87 54.11 54.74 54.9 54.97 54.85 54.49 54.68 55.05 55.23 53.96 52.23 51.87 51.87 51.87 51.86 51.86 51.84 51.82 51.78 51.74 51.75 51.76 51.78 51.8 52.1 52.41 52.7 53.29 53.95 54.26 56.07 59.45 60.38 60.24 60.06 60.31 60.23 60.09 60.08 60.2 60.2 60.28 60.51 60.75 60.93 61.2 61.45 61.67 62.13 61.94 62.42 62.52 63.63 65.19 66.59 66.41 66.37 66.52 66.64 66.66 67.16 67.04
55.75 55.81 55.59 55.34 55.21 55.15 54.96 54.6 54.6 54.41 54.18 54.17 54.04 54.15 54.05 54.12 54.29 54.93 54.96 54.84 54.73 54.5 55.2 55.26 55.15 53.3 51.94 51.84 51.85 51.85 51.84 51.84 51.84 51.82 51.81 51.79 51.75 51.75 51.76 51.77 51.78 52.31 52.82 53.75 54.49 54.57 57.8 60.07 60.04 60.09 60.08 60.1 60.25 60.19 60.35 60.08 60.44 60.59 60.68 60.79 60.89 61.43 61.53 61.75 62.03 62.26 62.61 62.6 63.46 65.45 67.07 66.91 66.4 66.34 66.48 67.41 67.23 67.22
55.88 55.75 55.62 55.33 55.2 55.09 54.7 54.48 54.55 54.39 54.3 54.12 54.07 54.07 54.12 54.12 54.35 54.9 54.95 54.88 54.61 54.32 54.91 55.03 54.27 52.32 51.84 51.82 51.81 51.84 51.83 51.82 51.82 51.81 51.81 51.79 51.77 51.75 51.77 52.08 52.2 52.7 53.39 54.31 55.01 56.28 59.61 59.9 60 60.12 60.01 59.85 60.12 60.07 60.18 60.35 60.48 60.8 60.98 61.19 61.46 61.54 61.68 61.76 61.91 62.16 62.68 62.65 64.36 66.79 67.18 67.04 67.12 67.19 66.65 67.39 67.49 67.61
56.03 55.78 55.55 55.29 55.16 55.03 54.69 54.61 54.42 54.36 54.18 54.13 53.99 54.09 54.05 54.35 54.55 54.96 54.86 54.62 54.29 54.15 54.62 54.67 53.66 51.8 51.85 51.84 51.83 51.82 51.81 51.82 51.81 51.8 51.79 51.79 51.77 51.75 52.05 52.76 52.75 53.26 53.64 54.69 55.19 57.36 59.72 59.96 60.14 59.97 60.03 60.12 60.16 60.23 60.35 60.41 60.6 60.85 60.98 61.28 61.68 61.75 61.83 62.03 62.27 62.6 62.62 63.39 66.02 67.15 67.2 67.15 67.22 67.26 67.24 67.37 67.43 67.53
55.84 55.82 55.57 55.35 55.28 54.98 54.65 54.7 54.5 54.31 54.22 54.27 54.07 54.01 54.13 54.07 54.99 54.84 54.67 54.32 54.01 54.37 54.38 54.15 52.73 51.82 51.84 51.83 51.82 51.81 51.82 51.81 51.81 51.8 51.79 51.78 51.77 52.06 52.72 52.36 52.91 53.12 53.02 53.45 54.74 55.96 58.76 59.91 59.85 60.16 60.2 60.21 60.37 60.37 60.47 60.54 60.72 60.94 61.08 61.27 61.54 61.84 61.96 62.3 62.45 62.74 62.61 64.58 66.81 67.15 67.2 67.27 67.29 67.31 67.33 67.18 67.4 67.42
56.02 55.75 55.48 55.34 55.13 54.84 54.71 54.66 54.57 54.37 54.35 54.35 54.32 54.2 54.08 54.38 54.95 54.66 54.11 53.99 54 54.05 53.99 53.68 52.03 52.01 51.95 51.88 51.82 51.81 51.79 51.78 51.79 51.8 51.79 51.78 51.8 52.94 52.82 52.78 52.96 53.76 54.57 54.57 53.79 55.01 56.26 58.18 59.49 59.97 59.99 60.34 60.46 60.56 60.59 60.54 60.88 60.97 61.09 61.38 61.68 61.92 62.04 62.54 62.71 62.63 63.54 66.03 66.96 67.13 67.16 67.29 67.31 67.32 67.31 67.33 67.4 67.4
56.06 55.66 55.48 55.38 55.12 54.75 54.66 54.64 54.47 54.31 54.08 54.11 54.28 54.15 54.58 54.9 54.88 54.18 53.86 53.8 53.77 53.75 53.58 52.97 52.09 51.89 51.88 51.86 51.85 51.84 51.84 51.83 51.79 51.76 51.76 51.93 52.57 53.22 53 53.04 53.16 54.66 54.9 55.32 55.16 54.25 54.91 56.35 58.95 60.1 59.99 60.23 60.48 60.51 60.65 60.64 60.73 60.97 61.18 61.36 61.82 61.89 62.12 62.34 62.56 62.55 64.84 66.99 67.21 67.08 67.28 67.26 67.3 67.36 67.35 67.41 67.43 67.46
55.9 55.43 55.49 55.3 55.15 54.88 54.72 54.52 54.44 54.28 54.16 54.24 54.07 54.27 54.89 54.93 54.77 54.04 53.92 53.76 53.81 53.56 53.39 52.36 51.9 51.89 51.88 51.87 51.86 51.84 51.83 51.81 51.79 51.77 51.76 51.99 52.96 52.98 52.93 53.17 53.64 55.01 55.14 55.46 56.24 56.23 55.78 55.29 56.3 58.89 60.38 60.36 60.41 60.59 60.93 60.83 61.07 61.08 61.26 61.61 61.78 62.25 62.51 62.15 62.66 62.82 66.35 67.23 67.1 67.26 67.28 67.31 67.35 67.41 67.31 67.45 67.48 67.46
55.93 55.44 55.49 55.31 55.03 54.9 54.78 54.57 54.32 54.23 54.26 54.13 54.04 54.21 54.95 54.92 54.27 54.11 53.75 53.32 53.31 53.49 53.14 51.99 51.86 51.87 51.87 51.86 51.85 51.84 51.83 51.82 51.81 51.79 51.77 51.97 53.02 52.77 53.46 53.53 54.23 55.11 55.41 57.17 58.12 58.33 58.99 59.16 58.53 58.63 60.36 60.41 60.44 60.68 61.02 61.2 61.35 61.36 61.47 61.68 61.96 62.24 62.48 62.54 62.68 64.58 66.92 67.07 67.18 67.22 67.28 67.32 67.28 67.38 67.45 67.47 67.48 67.48
55.76 55.27 55.55 55.26 54.93 54.76 54.66 54.42 54.29 54.28 54.22 54.12 54.34 54.91 54.86 54.88 54.18 54.08 53.59 53.12 53.4 53.21 53.04 51.82 51.8 51.8 51.81 51.82 51.82 51.83 51.83 51.82 51.81 51.8 51.79 51.76 52.99 53.03 53.76 54 54.65 55.22 55.64 57.66 58.03 58.49 59.06 59.59 60.01 60.56 60.5 60.52 60.71 61.02 61.08 61.46 61.89 61.73 61.45 62.01 62.22 62.3 62.67 62.91 62.86 66.46 67.07 67.09 67.23 67.28 67.32 67.31 67.34 67.36 67.44 67.47 67.48 67.51
55.68 55.3 55.52 55.14 54.86 54.57 54.57 54.38 54.26 54.33 54.19 54.16 54.79 54.95 54.91 54.71 54.35 53.67 53.25 53.12 53.2 53.19 52.45 51.89 51.86 51.82 51.79 51.79 51.79 51.8 51.83 51.78 51.79 51.79 51.78 51.77 53.28 53.25 54.26 54.9 55.07 55.45 56.34 58 58.17 58.55 58.06 58.25 59.6 60.48 60.64 60.72 60.91 61.27 61.32 62.11 61.8 62.03 62.3 62.19 62.31 62.25 62.72 63.07 64.54 66.8 67.05 67.25 67.29 67.3 67.33 67.38 67.3 67.43 67.46 67.47 67.48 67.52
55.63 55.32 55.38 55.06 54.9 54.41 54.43 54.22 54.14 54.19 54.2 54.18 55 54.92 54.89 54.18 54.04 53.56 53.29 53.23 53.25 53.39 51.91 51.89 51.93 51.89 51.86 51.81 51.79 51.79 51.79 51.79 51.78 51.78 51.8 52.34 53.01 53.9 54.83 55.7 55.53 56.12 57.16 57.97 58.24 58.4 57.11 57.08 57.33 57.85 60.94 60.89 61.1 61.5 61.74 62.13 62.52 62.74 62.35 62.61 62.81 62.46 63.25 63.34 66.46 66.78 66.96 67.2 67.33 67.37 67.37 67.41 67.44 67.44 67.47 67.47 67.48 67.5
55.57 55.28 55.34 55.12 54.81 54.4 54.34 54.12 54.1 54.05 54.2 54.46 54.98 54.91 54.64 54.12 53.6 53.6 53.55 53.43 53.11 52.67 51.78 51.77 51.77 51.85 51.9 51.9 51.86 51.81 51.79 51.79 51.78 51.78 51.78 52.66 53.27 54.84 55.54 55.52 56.25 56 57.8 58.05 58.36 57.84 57.08 57.09 57.15 59.61 61.26 61.32 61.52 61.52 61.74 62.06 62.45 62.81 62.96 63.21 63.05 63.38 63.54 64.19 64.96 66.91 66.88 67 67.04 67.29 67.43 67.36 67.44 67.53 67.48 67.47 67.49 67.5
55.65 55.2 55.28 54.87 55.03 54.53 54.27 54.12 54.19 54.14 54.13 54.99 54.9 54.9 54.35 53.72 53.83 54.16 54.36 54.38 53.71 51.88 51.8 51.79 51.78 51.76 51.75 51.79 51.86 51.9 51.86 51.81 51.79 51.78 51.78 52.71 54.1 55.51 55.64 55.84 56.03 56.36 57.87 58.14 58.26 57.09 57.09 57.08 58.04 60.77 61.39 61.49 61.72 61.86 61.84 62.02 62.38 62.66 63.05 63.38 63.38 63.51 63.6 63.63 64 64.12 67.11 66.94 67.12 67.15 67.26 67.47 67.47 67.58 67.61 67.59 67.59 67.5
55.61 55.15 55.02 54.69 54.89 54.43 54.26 54.03 54.13 54.12 54.54 54.95 54.93 54.69 54.18 53.85 54.37 54.79 55.02 54 52.57 51.79 51.79 51.79 51.79 51.78 51.77 51.76 51.75 51.73 51.8 51.88 51.82 51.81 52.11 53.21 55.38 55.67 55.74 56 56.16 56.4 57.97 58.24 57.73 57.08 57.09 57.1 59.41 61.27 61.49 61.69 61.85 62.01 61.93 62.31 62.52 62.87 63.11 63.36 63.63 63.97 64.37 63.81 63.9 64.22 65.35 66.39 67.03 67.2 67.36 67.45 67.54 67.59 67.65 67.57 67.61 67.58
55.5 55.14 55.09 54.59 54.52 54.34 54.21 54.12 54.1 54.76 54.9 54.91 54.9 54.43 54.24 53.91 54.55 55.43 54.94 53.32 51.87 51.82 51.79 51.78 51.78 51.78 51.77 51.76 51.75 51.75 51.74 51.73 51.74 51.82 52.57 54.09 55.63 55.73 55.88 56.07 56.08 57.21 58.18 58.37 57.09 57.09 57.1 57.97 60.68 61.4 61.64 61.84 62.06 62.02 62.16 62.56 62.83 63.04 63.24 63.52 63.72 64.52 65.86 65.49 64.64 64.5 64.47 65.25 66.19 67.17 67.25 67.43 67.49 67.64 67.64 67.67 67.61 67.59
55.62 55.2 54.99 54.63 54.64 54.4 54.15 54.08 54.26 54.77 54.94 54.92 54.59 54.58 54.52 53.94 54.91 55.29 54.54 52.46 51.91 51.86 51.81 51.77 51.78 51.78 51.78 51.77 51.76 51.75 51.74 51.73 51.72 51.72 52.99 55.21 55.71 55.74 55.9 55.94 56.11 57.2 58.5 58.85 57.65 57.13 57.12 59.09 61.39 61.64 61.77 61.99 62.08 62.19 62.44 62.68 63 63.12 63.35 63.59 64.16 65.71 65.6 65.69 65.88 66 65.65 64.9 65.15 66.25 66.93 67.39 67.53 67.56 67.55 67.67 67.7 67.75
55.34 55.24 54.79 54.53 54.65 54.27 54.16 54.13 54.25 54.93 54.94 54.79 54.36 54.47 54.23 53.91 54.76 55.11 53.68 51.88 51.95 51.9 51.86 51.81 51.76 51.79 51.77 51.77 51.76 51.75 51.75 51.74 51.73 51.74 53.51 55.5 55.67 55.78 55.9 55.97 56.05 57.29 58.86 59.46 59.76 58.98 58.37 60.88 61.56 61.71 61.96 62.01 62.11 62.24 62.51 62.85 63.08 63.25 63.41 63.76 64.91 65.58 65.66 65.78 65.88 65.87 66.06 66.17 65.62 65.49 65.86 66.98 67.59 67.6 67.64 67.7 67.62 67.62
55.34 55.05 54.75 54.44 54.39 54.22 54.06 54.19 54.73 55.02 54.85 54.42 54.37 54.55 54.13 53.62 54.65 54.92 52.87 51.86 51.8 51.84 51.9 51.85 51.8 51.75 51.76 51.78 51.76 51.76 51.75 51.74 51.75 52.24 53.82 55.83 55.61 55.86 55.89 56 56.17 57.25 59.16 59.94 60.29 60.68 61.01 61.48 61.64 61.8 62 62.01 62.19 62.57 62.69 63.03 63.26 63.48 63.64 64.67 65.74 65.66 65.75 65.78 65.85 65.78 66.03 66.23 67 66.86 65.82 66.07 66.36 67.34 67.72 67.73 67.8 67.88
55.22 54.96 54.77 54.54 54.49 54.34 54.27 54.31 54.94 54.94 54.76 54.4 54.46 54.7 54.07 53.66 54.69 54.14 51.98 51.8 51.8 51.81 51.79 51.79 51.83 51.8 51.75 51.7 51.79 51.77 51.75 51.75 51.84 52.7 54.27 55.61 55.75 55.83 55.82 56.03 56.21 57.31 59.48 60.55 60.78 61.02 61.37 61.62 61.72 61.91 61.99 62.03 62.42 62.93 63.04 63.21 63.36 63.59 63.75 65.29 65.73 65.74 65.85 65.86 65.79 65.79 65.99 66.5 66.76 66.96 66.97 66.76 66.4 66.49 66.68 67.83 67.85 67.89
54.95 54.96 54.67 54.47 54.4 54.29 54.69 54.94 54.92 54.9 54.23 54.34 54.51 54.49 53.99 53.85 54.81 52.84 51.79 51.8 51.8 51.81 51.81 51.82 51.78 51.77 51.79 51.81 51.7 51.79 51.78 51.88 52.51 53.42 55.67 55.68 55.72 55.85 55.96 56.2 56.3 57.27 60.73 61.12 61.17 61.36 61.55 61.78 61.84 61.91 61.98 62.08 62.66 63.11 63.24 63.34 63.54 63.68 64.55 65.68 65.6 65.83 65.76 65.8 65.76 65.79 66.12 66.83 66.91 67.04 67.12 67.1 67.18 66.6 66.79 66.9 67.78 67.95
54.83 54.84 54.52 54.46 54.16 54.12 54.87 54.98 54.91 54.79 54.2 54.41 54.66 54.53 54.01 54.26 54.33 52.29 51.79 51.8 51.8 51.81 51.82 51.82 51.82 51.81 51.77 51.74 51.78 51.78 51.89 52.87 53.24 55.19 55.65 55.8 55.7 55.85 56.06 56.43 58.06 59.99 61.59 61.6 61.61 61.67 61.67 61.78 61.92 61.97 61.98 62.3 63.18 63.11 63.23 63.6 63.8 63.72 65.35 65.61 65.7 65.86 65.9 65.89 65.77 65.86 66.73 66.97 66.98 66.98 67.19 67.21 67.12 67.14 67.19 67.12 67.37 67.65
54.9 54.76 54.49 54.3 54.52 54.53 54.92 54.93 54.92 54.51 54.35 54.33 54.55 54.47 53.76 54.34 53.32 51.75 51.74 51.8 51.81 51.81 51.82 51.82 51.82 51.83 51.83 51.8 51.76 51.73 52.95 53.22 53.46 55.56 55.61 55.57 55.69 55.96 56.06 57.91 61.56 62.16 62.09 62.07 61.93 61.95 61.87 61.84 62.01 62.01 62.18 62.31 62.58 62.93 63.47 63.64 63.64 64.62 65.73 65.7 65.77 65.86 65.76 65.72 65.88 66.37 66.87 66.88 66.98 67.23 67.36 67.31 67.3 67.31 67.25 67.36 67.63 67.79
54.9 54.66 54.65 54.41 54.32 54.92 54.86 54.87 54.66 54.44 54.38 54.43 54.79 54.11 53.8 54.28 52.62 51.86 51.81 51.75 51.76 51.81 51.82 51.82 51.83 51.83 51.83 51.84 51.82 51.79 53.28 53.05 53.93 55.39 55.58 55.59 55.8 56.14 56.56 59.27 62.13 62.21 62.45 62.35 62.19 62.16 62 62.02 62.17 62.17 62.3 63.1 63.47 63.08 63.28 63.55 63.74 65.59 65.84 65.78 65.79 65.82 65.81 65.85 65.91 66.86 66.88 66.91 67 67.06 67.2 67.26 67.33 67.43 67.45 67.65 67.74 67.78
54.67 54.63 54.38 54.24 54.77 54.86 54.87 54.86 54.49 54.47 54.32 54.67 54.44 54.03 54.27 53.22 51.93 51.92 51.89 51.85 51.81 51.76 51.78 51.82 51.83 51.83 51.84 51.83 51.84 52.51 53.35 53.02 54.32 55.57 55.66 55.85 56.01 56.33 57.48 60.84 62.25 62.41 62.51 62.63 62.59 62.33 62.14 62.14 62.33 62.42 62.42 62.97 63.09 63.32 63.39 63.56 64.88 65.74 65.88 65.83 65.79 65.72 65.81 65.85 66.77 66.92 66.92 67.04 67.1 67.45 67.34 67.23 67.35 67.41 67.62 67.83 67.87 67.71
