Dane przykładowe/DEM/NMT3.asc
ncols         438
nrows         475
xllcenter     357455
yllcenter     500695
cellsize      5
nodata_value  -9999
[rows 306 to 339 of 475, columns 312 to 389 of 438]
68.39 68.38 68.48 68.51 68.65 68.75 68.94 69.35 69.3 69.45 69.13 69.13 69.6 69.66 69.82 70.07 70.06 69.7 70.04 69.62 69.58 69.75 70.93 70.45 70.53 70.67 70.88 70.9 71.34 71.39 71.38 71.26 71.33 72.55 72.31 71.98 72.03 72.04 72.07 72.25 72.3 72.32 72.28 72.22 72.22 72.25 72.16 72.17 72.19 72.3 72.28 72.05 72.07 72.16 72.19 72.15 72.14 72.18 72.05 72 71.78 68.34 67.85 67.6 67.9 67.87 68.15 68.5 68.79 69.21 69.58 70.75 72.78 72.89 73.02 73.27 73.18 73.57
68.5 68.51 68.65 68.6 68.76 68.83 69.07 69.12 69.23 69.32 69.44 69.32 69.72 69.78 69.91 70.13 69.94 69.95 70.29 69.54 69.68 69.88 70.37 70.67 70.82 70.99 70.95 70.9 71.4 71.62 71.63 71.68 71.34 72.17 71.99 72.08 71.97 71.68 72.23 72.41 72.34 72.42 72.18 72.41 72.31 72.41 72.38 72.28 72.27 72.39 72.2 72.08 72.15 72.25 72.14 72.17 72.13 72.18 72 71.91 69.77 67.11 67.86 67.9 67.96 68.1 68.55 68.66 69.04 69.47 69.78 71.94 73.06 73.28 73.1 73.24 73.4 73.68
68.67 68.53 68.67 68.73 68.92 69.07 69.16 69.2 69.32 69.48 69.43 69.46 70 70.09 70.11 70.15 70.07 69.97 70.33 69.81 69.75 70.1 70.97 70.9 71.21 71.33 71.42 70.95 71.52 71.67 71.68 71.77 71.85 72.16 72.12 72.27 72.16 71.74 72.25 72.45 72.49 72.61 72.59 72.58 72.37 72.33 72.43 72.39 72.35 72.35 72.19 72.16 72.28 72.26 72.08 72.1 72.16 72.05 71.97 71.88 68.46 67.95 67.81 67.78 68.06 68.27 68.65 69.27 69.33 69.62 71.26 73.64 73.27 73.72 73.29 73.37 73.45 73.69
68.33 68.5 68.6 68.69 68.84 68.98 69.04 69.17 69.3 69.38 69.5 69.61 69.73 69.79 69.83 69.89 69.98 69.95 69.91 69.86 69.89 70.17 70.82 71.11 71.19 71.48 71.42 71.31 71.51 71.72 71.7 71.79 71.94 72.14 72.18 71.8 71.79 71.65 71.69 72.6 72.63 72.52 72.51 72.64 72.49 72.56 72.48 72.54 72.46 72.27 72.2 72.35 72.49 72.32 72.05 72.18 72.15 72 72.02 70.72 67.5 67.98 67.98 68.06 68.25 68.49 68.8 69.2 69.49 70.67 72.87 73.11 73.4 73.85 73.33 73.49 73.67 73.77
68.55 68.74 68.89 69.23 69.19 69.24 69.19 69.33 69.46 69.69 69.95 69.88 69.94 70.03 70.08 70.33 70.34 70.37 70.41 70.02 69.98 70.33 71.52 71.31 71.35 71.51 71.58 71.48 71.7 71.73 71.69 71.81 72.04 72.01 72.19 71.71 71.7 71.67 71.74 72.77 72.77 72.73 72.72 72.73 72.67 72.65 72.59 72.56 72.48 72.24 72.28 72.33 72.42 72.23 72.12 72.2 72.19 71.99 72.06 69.46 68.25 68.09 68.18 68.53 68.46 68.81 69.09 69.47 70.01 72.05 72.78 72.86 73.58 74.28 73.53 73.64 73.77 73.87
68.86 68.83 69.02 69.23 69.36 69.42 69.38 69.42 69.47 69.77 70.12 70.32 70.32 70.51 70.37 70.53 70.51 70.37 70.4 69.98 70.1 70.28 71.5 71.77 72.02 71.81 71.52 71.53 71.79 71.93 71.93 71.98 72.03 72.14 72.29 72.31 72.41 72.38 72.48 72.76 72.82 72.72 72.72 72.74 72.7 72.75 72.61 72.59 72.37 72.33 72.47 72.57 72.35 72.31 72.22 72.12 72.05 72.2 71.49 68.2 68.21 68.23 68.45 68.59 68.8 69.18 69.53 69.85 70.52 71.76 72.8 72.92 73.47 73.49 73.57 73.74 73.79 73.97
68.83 68.89 69.13 69.22 69.35 69.47 69.42 69.43 69.59 69.94 70.18 70.33 70.35 70.52 70.59 70.52 70.25 70.4 70.4 70.28 70.2 70.18 71.14 71.9 71.76 71.87 71.73 71.88 71.86 71.96 72.04 72.08 72.15 72.2 72.28 72.32 72.38 72.41 72.49 72.53 72.56 72.61 72.57 72.56 72.53 72.5 72.47 72.45 72.41 72.43 72.57 72.58 72.34 72.43 72.6 72.38 72.08 71.99 69.85 67.89 68.2 68.45 68.55 68.74 68.94 69.37 69.84 70.36 70.94 71.49 72.1 72.94 73.18 73.3 73.65 73.64 73.89 73.93
69.21 68.99 69.14 69.67 69.52 69.45 69.55 69.68 69.81 70.15 70.19 70.23 70.32 70.46 70.5 70.42 70.34 70.32 70.35 70.53 70.29 70.29 70.57 70.82 71.08 71.31 71.57 71.8 71.91 71.95 72.05 72.11 72.18 72.25 72.31 72.34 72.41 72.54 72.54 72.61 72.63 72.69 72.66 72.64 72.61 72.62 72.61 72.55 72.66 72.69 72.69 72.61 72.75 72.69 72.48 72.84 71.96 71.84 68.7 68.29 68.29 68.51 68.56 68.99 69.29 69.83 70.26 70.9 71.38 71.88 72.34 72.85 73.33 73.83 74.14 73.83 74.03 73.94
69.04 69.14 69.39 69.56 69.54 69.65 69.79 69.9 70.13 70.33 70.24 70.3 70.41 70.35 70.41 70.43 70.41 70.4 70.4 70.54 70.42 70.44 70.76 71.03 71.31 71.52 71.79 71.98 72.09 72.18 72.25 72.35 72.39 72.48 72.52 72.58 72.68 72.78 72.92 72.95 72.99 73.08 72.98 73 72.98 73.06 72.94 72.92 73.11 72.97 72.72 72.37 72.54 72.56 72.43 72.29 72.14 70.86 67.73 68.38 68.54 68.73 69.03 69.28 69.64 70.06 70.56 71.13 71.72 72.38 72.86 73.27 73.63 73.97 74.29 74.47 74.73 74.33
69.44 69.6 69.74 69.72 69.81 69.94 70.09 70.22 70.6 70.79 70.87 71.08 71.06 71.06 71.07 71 70.96 70.89 70.77 70.63 70.53 70.62 71.64 72.08 72.19 72.34 72.49 72.56 72.66 72.82 72.91 72.99 73.15 73.33 73.24 73.05 73.01 72.94 73.04 73.1 73.32 73.53 73.84 74.17 73.99 73.9 73.04 72.93 72.67 72.82 72.67 72.9 72.64 72.56 72.49 72.4 72.02 69.93 68.38 68.6 68.77 69.04 69.3 69.54 69.97 70.53 71.01 71.5 72.18 72.63 73.18 73.6 73.86 74.23 74.56 74.5 74.6 74.77
69.38 69.47 69.84 69.96 70.43 71.39 70.71 70.57 70.63 70.86 70.96 70.88 70.89 71.01 71.02 71.02 71.36 71.24 71.2 70.75 70.6 70.72 71.52 71.98 72.36 72.3 72.6 72.67 72.8 72.75 72.97 73.19 73.4 73.44 73.3 73.34 73.13 73.04 73.24 73.22 73.29 73.31 73.34 73.59 74.01 74.07 73.61 73.4 73.27 72.98 73.2 72.79 72.66 72.64 72.78 71.18 69.42 68.55 68.61 68.81 69.03 69.23 69.5 69.89 70.37 70.8 71.42 72.17 72.45 72.93 73.51 73.74 74.09 74.29 74.49 74.55 74.59 74.6
70.02 69.92 70.17 70.31 70.87 71.08 70.66 70.67 70.81 70.63 70.67 70.83 71.09 71.25 71.28 71.78 71.95 71.58 71.59 71.27 70.63 70.83 71.36 71.92 72.21 72.33 72.54 72.77 72.78 72.89 73.01 73.16 73.24 73.53 73.5 73.58 73.49 73.18 73.23 73.19 73.13 73.46 73.62 73.39 73.81 73.73 73.64 73.69 73.59 73.42 73.29 72.86 72.86 72.71 72.47 70.95 69.06 67.82 68.71 68.94 69.1 69.38 69.71 70.22 70.73 71.31 72 72.42 72.95 73.37 73.66 74.01 74.11 74.26 74.36 74.54 74.5 74.59
69.83 69.84 70.04 70.32 70.85 70.63 70.55 70.26 70.4 70.73 71.07 71.35 71.42 72.2 71.66 71.76 71.55 71.53 71.57 71.64 70.71 70.88 71.58 72.21 72.29 72.33 72.54 73.44 72.97 73.18 73.49 73.57 73.75 73.6 73.45 73.58 73.33 73.18 73.38 73.67 73.3 73.39 73.55 73.41 73.56 73.9 73.75 73.79 73.75 73.44 73.23 73.06 73.08 72.89 72.89 72.17 70.03 67.92 68.8 69.1 69.3 69.58 69.92 70.49 71.03 71.68 72.24 72.84 73.49 73.59 73.86 73.89 74.21 74.28 74.36 74.35 74.48 74.46
69.45 69.56 69.68 69.8 69.92 70.06 70.22 70.36 70.78 71.04 71.35 71.77 72 72.09 72.05 71.81 71.55 71.68 71.65 71.65 70.71 70.94 71.78 72.2 72.39 72.95 73.61 73 73.3 73.27 73.4 74.03 74.98 75.88 75.06 74.52 74.54 74.52 74.63 74.6 73.8 73.36 73.45 73.37 73.49 73.42 73.93 73.67 73.77 73.42 73.04 72.86 73.13 73.2 72.98 72.36 70.85 68.56 69.09 69.24 69.52 69.82 70.18 70.64 71.22 71.8 72.41 72.99 73.42 73.82 73.95 74.2 74.6 74.16 74.3 74.33 74.29 74.36
69.68 69.84 70 70.16 70.15 70.2 70.43 71.3 71.05 71.25 71.6 72.19 72.31 72.71 72.39 72.17 71.93 71.86 71.8 71.69 70.83 71.01 71.67 72.4 72.81 72.59 73.22 73.02 73.19 73.46 73.64 74.81 76.76 75.84 74.89 74.75 74.61 74.88 74.99 74.91 74.82 74.78 73.53 73.51 73.59 73.45 73.63 73.77 73.61 73.59 72.84 72.69 72.73 73.07 72.73 72.56 71.72 69.04 69.32 69.55 69.74 70.04 70.41 70.82 71.39 71.92 72.51 73.11 73.59 73.8 74.15 74.26 74.36 74.57 74.61 74.36 74.31 74.38
69.82 69.77 69.93 69.98 70.14 70.26 70.72 71.02 71.44 71.66 72.08 72.46 72.74 72.91 72.95 72.71 72.4 72.12 71.96 71.44 70.89 71.12 71.73 72.19 72.44 72.95 73.25 73.59 73.35 73.91 74.19 73.58 74.45 74.6 74.85 74.86 74.76 74.78 74.82 74.92 74.83 74.84 73.54 73.56 73.39 73.35 73.69 73.74 73.57 73.56 73.29 72.96 72.73 72.84 72.72 72.58 72.44 70.9 70.03 70.09 70.2 70.96 71.09 71.15 71.5 71.81 72.41 73.07 73.66 73.98 74.14 74.37 74.47 74.56 74.63 74.48 74.5 74.2
69.83 69.97 70.02 70.24 70.39 70.83 70.95 71.33 71.71 72.03 72.48 72.85 73.11 73.35 73.38 73.19 72.96 72.63 72.32 71.45 71.09 71.33 71.79 72.3 72.65 72.91 73.36 73.4 74.02 73.82 74.21 73.82 73.57 74.32 74.64 74.07 73.91 73.76 74.33 73.77 73.85 73.92 73.71 73.48 73.38 73.36 73.27 73.28 73.61 73.5 73.51 73.27 73.14 73.08 72.92 72.99 72.65 72.59 71.13 70.85 71.42 71.37 72.8 73.01 72.51 72.3 72.13 73.44 73.74 74.17 74.38 74.53 74.62 74.7 74.71 74.76 74.76 74.7
70.18 70.26 70.2 70.4 70.65 70.9 71.26 71.49 71.88 72.43 72.86 73.3 73.58 73.84 73.9 73.63 73.38 73.05 72.66 71.52 71.27 71.99 72.14 72.53 72.85 73.11 73.32 73.43 73.54 73.6 73.8 73.97 74.01 73.85 73.84 73.94 73.89 73.91 73.97 73.97 73.89 73.81 73.69 73.55 73.42 73.29 73.22 73.14 73.14 73.59 73.76 73.53 73.38 73.35 73.44 72.77 72.65 72.4 71.76 71.73 71.95 71.68 72.14 73.41 72.67 72.25 71.32 73.41 74.26 74.29 74.49 74.59 74.69 74.79 74.81 74.85 74.88 74.91
70.52 70.58 70.41 70.57 70.81 71.09 71.48 71.83 72.32 72.88 73.3 73.69 74.09 74.35 74.36 74.13 73.83 73.65 72.37 71.31 71.41 71.93 72.31 72.7 73.01 73.25 73.39 73.48 73.44 73.78 73.94 73.99 74 74.03 74.08 74.11 74.12 74.05 73.99 73.83 74.06 73.98 73.51 73.02 73.07 72.75 72.45 73.15 72.98 73.48 73.36 73.31 73.23 73.11 72.89 72.81 72.64 72.37 72.48 71.89 73.26 73.04 73.84 73.77 72.93 71.99 71.21 73.54 74.1 74.68 74.67 74.71 74.79 74.82 74.78 74.84 74.88 75.04
71.24 71.13 70.91 70.89 71.19 71.45 71.86 72.27 72.72 73.21 73.59 74.04 74.56 74.92 74.94 74.73 74.42 73.54 71.45 71.47 72.06 72.43 72.94 73.05 73.08 73.24 73.4 73.4 73.53 73.65 73.64 73.99 73.98 74.04 73.79 74.01 74.28 74.35 74.5 74.68 74.69 74.25 73.71 72.97 72.9 71.68 71.94 72.93 73.01 73.08 73.65 73.33 73.21 73.65 73.28 73.07 72.92 73.11 73.47 73.3 73.91 74 73.61 73.17 72.65 71.87 71.14 73.4 73.96 74.44 74.74 74.85 74.89 74.83 74.86 74.82 74.87 74.94
71.82 71.71 71.47 71.34 71.5 71.87 72.24 72.65 73.15 73.59 73.97 74.49 74.79 74.71 73.98 75.27 74.15 71.78 71.53 71.94 72.85 72.93 73.15 73.16 73.17 73.15 73.49 73.55 73.67 73.76 73.89 73.85 74.13 74.33 74.45 74.49 74.87 75.08 74.95 75.44 74.92 74.05 72.44 71.83 71.15 69.18 72.17 72.91 72.91 72.98 73.53 73.31 73.22 73.33 73.46 73.63 73.43 73.57 73.57 73.41 73.38 73.18 72.61 72.13 71.57 71.14 71.24 72.72 72.92 74.18 74.93 74.71 74.99 74.91 74.94 74.88 74.93 74.97
72.48 72.3 72.13 71.83 71.84 72.26 72.66 73.13 73.48 73.92 74.3 74.71 74.84 72.89 71.81 72.93 71.99 71.6 72.28 73.65 73.44 73.39 73.26 73.41 73.34 73.47 73.44 73.66 73.83 73.97 74.29 74.47 74.57 74.84 74.99 75.06 75.31 75.37 74.5 73.65 72.49 72.37 69.8 67.87 67.58 69.45 70.35 72.16 72.94 73.09 73.71 74 73.59 73.88 73.75 73.61 73.34 73 72.75 72.5 72.18 71.97 71.4 70.98 70.89 70.88 71.39 72.08 72.36 72.81 74.75 75.03 74.99 74.94 75.01 74.95 74.96 75.01
73.32 72.93 72.83 72.53 72.45 72.73 73.05 73.42 73.79 74.33 74.64 74.87 72.75 71.61 71.56 71.64 71.68 72.42 74.26 74.32 73.92 73.6 73.47 73.58 73.64 73.79 73.91 74.13 74.18 74.44 74.7 74.96 75.13 75.21 75.44 74.81 73.58 72.53 67.11 66.37 66.33 66.24 66.62 66.83 67.32 69.33 72.13 74.07 73.3 73.15 73.75 74.11 74.08 73.77 73.35 73.01 72.58 72.15 71.71 71.45 71 70.84 70.85 70.58 70.53 70.83 72.41 73.43 73.73 71.61 73.6 75.09 74.97 74.99 75.04 75.03 75.05 75.04
74.02 73.75 73.42 73.34 73.14 73.16 73.38 73.84 74.19 74.49 74.86 72.89 71.58 71.51 71.47 71.47 71.61 73.81 75.07 74.65 74.21 74.2 74.02 74.12 74.24 74.33 74.56 74.54 74.78 75.02 75.23 75.27 74.84 73.88 72.76 68.3 66.34 66.34 66.34 67.22 66.95 66.19 66.12 67.44 70.33 75.29 75.1 74.32 73.69 73.21 73.7 73.85 73.41 73.03 72.46 72.1 71.74 71.35 71.05 70.57 70.44 70.39 70.35 70.26 71.15 72.45 72.42 71.56 71.17 72.04 73.53 74.89 74.97 74.95 75.01 75.09 75.13 75.14
74.64 74.42 74.27 74.08 73.85 73.83 73.9 74.16 74.59 74.95 72.94 71.63 71.52 71.42 71.37 71.38 71.52 71.59 73.63 75.02 74.7 74.53 74.61 74.77 74.59 74.76 74.94 75.23 75.26 74.95 73.91 72.88 70.01 66.37 66.35 66.35 66.32 66.34 67.88 71.06 70.94 66.07 66.11 72.78 74.91 75.46 75.26 74.37 73.73 73.25 73.74 73.21 72.5 72.04 71.69 71.31 71.04 70.76 70.38 70.13 70.16 70.51 71.33 71.99 71.41 70.61 71.37 73.08 73.81 74.41 74.46 74.57 74.87 74.91 74.91 75 75.14 75.12
74.55 74.85 74.88 74.8 74.6 74.37 74.36 74.65 74.94 73.78 71.64 71.55 71.44 71.42 71.33 71.35 71.43 71.45 71.58 73.55 74.98 74.98 74.89 74.98 75.12 75.13 75.07 74.36 72.97 70.74 66.33 66.32 66.31 66.3 66.35 66.38 72.14 72.87 72.55 70.6 67.43 66.06 67.42 73.25 75.3 75.27 75.01 74.2 73.5 73.18 72.83 72.25 71.77 71.23 70.99 70.73 70.43 70.12 70.42 70.44 71.58 70.87 70.65 70.73 71.42 72.48 73.34 73.38 73.47 73.79 74.14 74.46 74.8 74.85 74.98 74.95 75.03 75.09
71.93 72.89 73.82 74.61 75.04 75.09 74.85 74.96 73.34 71.68 71.6 71.46 71.42 71.29 71.22 71.31 71.31 71.34 71.39 71.49 73.56 74.94 74.88 74.7 73.89 73.41 72.08 66.3 66.33 66.29 66.26 66.32 66.35 69.28 72.85 74.02 75.35 74.89 71.89 68.18 66.11 66.04 71.13 73.72 75.32 75.13 74.68 74.13 73.25 72.91 72.35 71.8 71.24 70.84 70.53 70.38 70.83 71.66 71.57 70.37 70.22 71.1 72.32 72.69 72.56 72.72 72.94 73.08 73.37 73.61 73.95 74.33 74.72 74.81 74.92 74.95 75 75.03
71.68 71.52 71.47 71.78 72.84 73.81 74.02 73.47 71.71 71.61 71.48 71.4 71.31 71.18 71.06 71.13 71.16 71.21 71.24 71.33 71.78 72.67 73.07 73.27 66.68 66.36 66.32 66.31 66.31 66.32 66.36 72.57 73.89 75.13 76.49 77.72 77.9 74.2 71.25 68.08 66.09 66.04 71.18 74.08 75.18 74.85 74.5 73.9 73.19 72.77 72.16 71.6 71.2 71.29 71.78 71.86 70.88 69.97 70.18 71.4 71.51 72.2 72.27 72.34 72.18 72.37 72.69 72.86 73.21 73.6 73.97 74.34 74.6 74.84 74.89 74.99 75.07 75.13
71.85 71.76 71.66 71.6 71.54 71.5 71.62 72.22 71.67 71.52 71.45 71.37 71.21 71.04 70.95 70.76 70.64 71 71.04 68.6 67.69 67.29 66.97 66.8 66.5 66.31 66.33 66.33 76.46 73.65 74.1 76.39 77.63 78.74 79.19 79.14 77.65 73.68 70.59 68.44 66.11 66.03 71.64 74.57 75.21 74.72 74.38 73.56 73.13 72.58 72.22 73.06 72.32 71.99 70.62 70.18 70.98 71.9 71.89 71.78 71.8 71.81 71.81 71.8 71.95 72.1 72.35 72.78 73.24 73.65 74 74.45 74.72 74.83 74.93 74.99 75.02 75.16
77.18 76.64 75.58 71.9 71.81 71.68 71.64 71.58 71.54 71.46 71.53 71.49 71.16 70.93 70.86 70.63 70.28 69.69 69.09 68.4 67.13 67.03 66.97 66.91 66.59 76.16 77.12 77.67 77.95 77.55 78.51 78.95 78.77 78.54 80.02 79.31 77.11 73.27 69.96 67.52 66.09 66.06 72.15 74.96 75.21 74.76 74.06 73.32 73.21 74.06 72.67 71.31 71.26 72.34 72.29 72.21 72.04 71.9 71.83 71.79 71.57 71.75 71.63 71.77 71.83 72.01 72.35 72.8 73.28 73.71 74.1 74.45 74.68 74.8 74.9 75.01 75.14 75.19
78.31 77.99 77.7 77.29 76.92 75.9 71.89 71.8 71.74 71.64 71.6 71.52 71.49 70.88 70.79 68.5 66.51 66.37 66.35 66.54 66.83 66.97 74.98 76.95 77.54 77.91 78.23 78.37 78.74 78.49 78.21 78.32 78.17 78.59 79.83 79.1 76.46 73.13 69.39 67.57 66.06 66.12 72.67 75.39 75.09 74.67 73.86 73.26 73.26 73.8 73.05 73.03 73.4 73.03 72.89 72.41 71.93 71.71 71.66 71.61 69.25 71.64 71.45 71.63 71.82 72.09 72.52 72.89 73.44 73.84 74.1 74.44 74.68 74.82 74.95 75.05 75.11 75.14
78.13 77.2 77.88 78.51 78.26 77.95 77.94 78.05 76.92 71.92 71.86 71.75 71.65 71.64 70.75 66.34 66.34 66.34 66.34 76.5 78.15 78.27 78.26 78.35 77.65 77.51 77.06 76.98 77.7 76.84 76.39 76.94 78.54 79.76 80.12 79.03 75.78 72.62 68.93 66.5 66.06 66.12 73.17 75.5 74.92 74.37 73.7 73.18 73.6 73.5 74.19 73.77 73.35 73 72.44 72.31 71.85 71.51 71.41 71.6 69.66 71.31 71.45 71.49 71.57 72.03 72.6 73.01 73.46 73.82 74.17 74.49 74.71 74.76 75 75.06 75.17 75.18
76.41 76.54 76.84 77.18 77.67 78.01 78.85 79 79.02 78.79 76.92 66.25 71.98 71.89 70.71 66.34 66.34 66.35 78.27 78.93 79.19 78.99 77.96 77.45 77.02 76.65 76.48 76.17 75.99 76.67 77.76 76.33 78.55 80.07 80.11 78.99 75.17 72.14 68.73 66.11 66.03 71.15 73.73 75.4 74.76 74.2 73.69 73.12 74.19 74.61 73.77 73.76 73.33 72.84 72.64 72.1 71.69 71.42 71.29 71.26 70.47 71.2 71.32 71.42 71.66 71.97 72.52 72.98 73.48 73.92 74.28 74.57 74.71 74.78 75.01 74.97 75.13 75.15
76.71 75.28 75.38 75.95 76.59 77.12 77.53 77.9 78.26 79.38 78.3 66.12 67.34 66.21 70.67 66.32 66.33 66.3 78.65 79.08 78.18 77.7 77.2 76.64 75.72 74.9 73.73 75.22 77.78 79.78 79.01 76.21 78.46 78.61 79.77 78.4 74.44 71.41 68.22 66.1 66.06 71.26 74.11 75.3 74.75 74.15 73.66 73.09 74.4 74.47 74.06 73.55 73.18 72.78 72.37 71.91 71.55 71.26 71.11 70.94 71.04 70.72 71.25 71.31 71.5 71.86 72.35 72.84 73.44 73.88 74.24 74.53 74.73 74.89 74.94 75.01 75.17 75.13
