Dane przykładowe/DEM/NMT3.asc
ncols         438
nrows         475
xllcenter     357455
yllcenter     500695
cellsize      5
nodata_value  -9999
[rows 340 to 373 of 475, columns 78 to 155 of 438]
56.03 56.85 55.99 55.99 55.92 55.99 55.98 56.01 56.41 56.51 56.02 54.46 54.07 53.93 53.81 53.84 53.96 53.88 53.97 54.04 53.94 54.22 55.39 55.62 55.93 55.86 55.96 56.07 55.98 54.94 54.94 54.88 54.95 54.95 55.09 55.05 55.06 55.09 54.95 54.51 55.62 57.04 56.8 55.89 55.84 55.81 55.83 55.79 55.91 56.22 56.17 55.79 55.89 55.88 55.87 55.86 55.81 56.91 56.77 55.68 55.56 55.63 55.47 55.36 55.23 55.2 54.96 55.03 54.78 54.95 55.33 55.15 55.03 55.04 55.14 55.17 55.2 55.38
56.7 56.14 56 55.95 55.99 56.01 55.87 56.18 56.54 56.24 54.57 54.16 54.07 53.94 53.95 53.93 53.89 53.93 53.94 53.93 54.12 55.12 55.74 55.89 55.83 55.87 56.02 56.02 54.94 55.01 55 54.95 54.93 54.98 55 55.06 55.08 55.09 54.98 54.72 56.65 56.73 56.46 55.8 55.8 55.83 55.88 55.88 55.87 56.6 55.83 55.84 55.87 55.87 55.86 55.85 56.92 56.85 55.92 55.59 55.52 55.51 55.41 55.31 55.24 55.09 54.99 54.98 55.04 55.07 54.95 54.92 55.11 55.05 55.04 55.1 55.19 55.3
56.73 56.03 55.99 55.98 55.99 56.03 55.99 56.47 56.52 54.88 54.29 54.39 54.97 55.54 55.58 54.85 53.92 53.89 53.9 53.98 54.63 55.74 56.04 55.9 55.92 56.04 56.03 55.71 54.93 55.02 54.94 55.04 54.98 55.02 55.02 55.08 55.11 55.11 54.81 55.87 56.91 56.71 55.8 55.82 55.8 55.84 55.86 55.93 56.62 55.9 55.86 55.91 55.92 55.86 55.89 56.62 56.82 56.23 55.53 55.52 55.55 55.49 55.44 55.19 55.33 55.19 55 54.93 55.02 54.96 54.92 54.96 54.97 55.06 55.02 55.1 55.3 55.32
55.99 55.95 55.96 55.97 55.99 55.99 56.39 56.37 55.6 54.39 54.63 55.35 55.61 55.74 55.95 55.72 54.77 53.81 53.9 54.13 55.79 55.93 55.94 55.99 56.04 56.09 56.03 54.79 54.97 54.92 55.07 54.99 54.99 54.98 55.08 55.08 55.11 55.11 55.61 56.73 56.72 55.87 55.79 55.87 55.83 55.82 55.89 55.97 56.24 55.92 55.87 55.89 55.87 55.91 55.85 56.85 56.82 55.49 55.44 55.57 55.49 55.53 55.59 55.36 55.23 55.27 55.03 54.99 54.97 54.92 54.87 54.88 55.05 55.07 55.01 55.17 55.19 55.27
55.98 55.97 55.94 55.98 55.98 56.03 56.48 56.32 54.89 54.48 54.68 55.43 55.75 55.95 55.89 55.68 55.28 53.93 53.97 55.21 56.01 55.9 55.94 55.96 56.01 56 55.29 54.69 54.9 55.03 54.97 54.99 55 55.06 55.08 55.74 56.35 56.8 56.26 56.64 56.49 55.85 55.8 55.82 55.91 55.79 55.9 56.49 55.88 55.89 55.88 55.93 55.91 55.86 56.74 56.78 56.21 55.42 55.41 55.42 55.54 55.62 55.42 55.37 55.28 55.2 55.1 55.12 55.02 54.92 54.89 55.13 54.98 55.11 55.11 55.18 55.35 55.45
56 55.95 55.94 55.95 56 56.45 56.36 55.79 55.53 55.23 54.54 55.61 55.78 55.95 55.34 55.05 54.11 54 54.61 56.02 55.94 56.06 56 56.04 55.99 55.92 54.24 54.61 54.77 55.01 55.04 55.21 55 55.02 55.14 56.84 56.64 56.95 57 56.66 55.89 55.82 55.8 55.83 55.85 55.86 56.29 55.87 55.9 55.93 55.89 55.9 55.86 56.14 56.83 56.73 55.58 55.45 55.44 55.38 55.43 55.46 55.35 55.32 55.25 55.14 55.11 54.86 54.94 54.99 55.07 54.95 54.95 55.15 55.2 55.27 55.4 55.55
56 55.97 55.95 55.96 56.37 56.51 56.34 56.08 55.76 55.7 54.28 55.69 55.89 55.65 54.72 54.05 53.88 54.15 56.06 56.58 55.94 56.06 56.07 56.07 55.93 55.11 54.31 54.4 54.81 54.92 55.03 55.02 55.11 55.07 55.29 56.98 56.64 56.57 56.68 55.91 55.81 55.84 55.84 55.77 55.81 55.92 56.27 55.88 55.89 55.93 55.89 55.86 55.8 56.76 56.8 55.76 55.43 55.3 55.4 55.4 55.37 55.39 55.39 55.37 55.29 55.18 55.08 54.94 54.92 55.07 55.2 55.08 54.96 55.06 55.08 55.34 55.54 55.53
55.99 56.01 55.97 56.02 56.61 56.35 56.29 56.02 56.02 55.79 54.61 55.13 55.27 54.87 54.03 53.91 54.07 55.01 56.42 55.92 55.95 55.99 55.98 55.92 55.4 55.26 54.49 54.23 55.07 54.94 55.08 55.11 55.08 55.19 55.18 55.68 56.47 56.64 56.61 55.8 55.82 55.89 55.86 55.91 55.92 56.49 55.88 55.88 55.9 55.91 55.91 55.84 56.64 56.81 56.15 55.41 55.47 55.42 55.37 55.36 55.43 55.39 55.34 55.36 55.33 55.19 55.17 55.03 55 55.06 55.18 55.07 54.95 55.19 55.2 55.25 55.5 55.56
55.95 55.97 56 56.6 56.49 56.34 56.16 56.03 56.05 55.82 54.63 54.18 54.72 53.75 53.77 53.94 54.54 56.13 55.9 55.94 55.96 55.89 55.9 55.81 55.4 55.26 54.61 53.98 54.63 54.86 55.08 55.12 55.11 55.09 54.78 55.27 56.7 56.71 55.91 55.85 55.85 55.85 55.86 55.83 56.27 55.8 55.91 55.9 55.92 55.89 55.83 55.88 56.66 56.53 55.38 55.47 55.46 55.47 55.4 55.59 55.32 55.46 55.47 55.31 55.3 55.25 55.12 55.1 55.16 55.17 55.13 55.08 55.2 55.26 55.34 55.25 55.39 55.33
55.96 55.93 56.41 56.59 56.5 56.17 56.21 56 55.93 55.47 55.03 53.98 53.74 53.6 53.9 54.38 56 55.86 55.75 55.85 55.93 55.79 56.28 55.95 55.6 55.38 54.76 53.99 54.52 54.87 54.96 55.06 55.17 54.99 54.82 56.67 56.7 55.94 55.86 55.83 55.8 55.84 55.93 55.87 56.3 55.9 55.91 55.93 55.91 55.88 55.85 56.64 56.76 55.41 55.32 55.57 55.53 55.45 55.46 55.47 55.45 55.33 55.56 55.48 55.4 55.32 55.42 55.41 55.41 55.08 55.08 55.14 55.36 55.35 55.26 55.21 55.19 55.38
55.93 55.99 56.65 56.74 55.95 55.87 56.06 55.67 55.06 54.85 54.23 53.73 53.69 53.69 54.04 54.67 56.03 55.82 55.73 55.82 55.88 56.06 56.59 56.05 55.72 55.48 55.21 54.05 54.4 54.79 54.93 55.1 55.14 54.73 55.81 56.83 56.65 55.88 55.86 55.81 55.87 55.82 55.86 56.58 55.85 55.89 55.92 55.91 55.88 55.93 56.53 56.61 56.18 55.4 55.26 55.44 55.51 55.44 55.44 55.53 55.45 55.43 55.4 55.62 55.45 55.44 55.47 55.43 55.18 55.08 55.07 55.16 55.32 55.3 55.38 55.28 55.28 55.32
56 56.68 56.81 56.26 55.61 55.17 55.44 54.83 54.49 54 53.44 53.59 53.61 53.68 54.32 55.88 55.78 55.74 55.76 55.88 55.85 56.61 56.63 56.29 55.93 55.55 55.22 54.13 54.55 54.71 54.92 55.15 55.13 55.21 56.8 56.69 55.88 55.83 55.87 55.88 55.81 55.87 56.28 56.16 55.9 55.93 55.9 55.94 55.92 55.85 56.72 56.55 55.3 55.28 55.3 55.43 55.46 55.37 55.45 55.45 55.51 55.46 55.43 55.48 55.48 55.57 55.39 55.25 55.1 55.05 55.17 55.27 55.35 55.44 55.29 55.12 55.29 55.35
56.2 56.79 56.86 55.77 55.4 55.1 54.7 54.39 53.57 53.5 53.52 53.5 53.63 53.92 55.73 55.96 55.87 55.8 55.86 55.98 56.34 56.54 56.67 56.54 56.15 55.68 55.26 54.21 54.53 54.63 54.74 55.14 54.95 56.55 56.76 56.13 55.85 55.86 55.82 55.8 55.91 55.91 56.62 55.9 55.88 55.9 55.92 55.91 55.85 56.66 56.68 55.56 55.17 55.24 55.3 55.4 55.38 55.44 55.43 55.41 55.47 55.44 55.33 55.53 55.29 55.44 55.32 55.13 55.12 55.12 55.26 55.28 55.34 55.35 55.22 55.2 55.17 55.34
56.8 56.69 56.38 55.88 55.28 54.6 54.19 53.6 53.46 53.51 53.48 53.47 53.59 54.47 56.14 55.97 55.92 55.99 55.98 56.27 56.36 56.5 56.54 56.63 56.19 55.74 55.13 54.18 54.74 54.6 54.74 54.79 55.52 56.72 56.63 55.88 55.86 55.85 55.86 55.83 55.9 56.68 55.85 55.9 55.88 55.87 55.89 55.81 56.42 56.64 55.95 55.19 55.11 55.2 55.29 55.44 55.35 55.41 55.38 55.42 55.47 55.48 55.44 55.15 55.25 55.24 55.22 55.12 55.12 55.23 55.24 55.35 55.3 55.38 55.27 55.23 55.16 55.3
56.76 56.2 55.47 55.79 55.8 55.28 54.34 53.85 53.47 53.47 53.56 53.49 54.09 55.18 56.03 55.88 55.94 55.96 56.21 56.38 56.4 56.53 56.58 56.54 56.18 55.78 54.8 54.51 56.21 55.96 54.8 55.33 56.44 56.73 55.88 55.9 55.86 55.98 55.88 55.87 56.24 56.31 55.89 55.91 55.87 55.9 55.82 55.84 56.69 56.58 55.35 55.28 55.19 55.04 55.27 55.47 55.28 55.26 55.33 55.34 55.54 55.47 55.32 55.18 55.26 55.16 55.18 55.08 55.21 55.19 55.28 55.45 55.44 55.34 55.36 55.31 55.28 55.33
56.7 55.43 54.43 54.56 54.9 55.64 55.69 54.75 54.2 53.7 53.47 53.7 54.67 56.4 55.97 55.97 55.97 56.04 56.31 56.31 56.41 56.5 56.56 56.56 56.2 55.91 54.84 55.1 55.95 56.37 56.49 56.56 56.66 56.28 55.91 55.88 55.9 55.91 55.86 55.88 56.77 55.89 55.92 55.91 55.91 55.87 55.87 56.65 56.69 55.93 55.41 55.32 55.24 55.08 55.26 55.41 55.33 55.29 55.37 55.37 55.35 55.67 55.56 55.36 55.38 55.29 55.19 55.2 55.25 55.22 55.44 55.43 55.3 55.36 55.36 55.34 55.36 55.28
56.3 54.62 54.33 54.28 54.15 54.81 55.76 55.82 55.68 54.83 54.03 54.25 55.69 55.85 55.87 55.99 55.99 56.18 56.29 56.36 56.31 56.37 56.49 56.51 56.43 55.94 55.61 55.87 56.34 56.41 56.73 56.75 56.64 55.88 55.83 55.83 55.85 55.87 55.86 56.54 55.94 55.92 55.88 55.93 55.97 55.9 56.17 56.67 56.71 55.56 55.44 55.31 55.25 55.2 55.38 55.37 55.31 55.34 55.31 55.29 55.33 55.56 55.56 55.51 55.4 55.31 55.33 55.32 55.18 55.43 55.45 55.55 55.45 55.34 55.3 55.34 55.33 55.41
54.83 54.39 54.2 54.07 54.15 54.28 54.78 55.8 56.01 56.12 55.45 55.83 56.19 55.78 55.88 55.99 56.02 56.23 56.25 56.23 56.29 56.4 56.41 56.43 56.28 55.96 56.54 56.63 56.44 56.67 56.97 56.61 55.94 55.86 55.82 55.84 55.86 55.83 56.12 56.54 55.89 55.9 55.91 55.91 55.89 55.88 56.7 56.81 56.59 55.54 55.42 55.35 55.29 55.3 55.43 55.27 55.31 55.32 55.36 55.68 55.05 55.28 55.43 55.52 55.34 55.32 55.38 55.27 55.43 55.47 55.6 55.45 55.44 55.49 55.43 55.35 55.37 55.43
54.64 54.34 54.1 54.09 54.06 54.18 54.22 54.54 55.71 55.82 55.94 56.05 55.78 55.61 55.81 55.89 56.07 56.08 56.2 56.3 56.24 56.34 56.36 56.51 56.3 55.98 55.7 56.43 56.6 56.74 56.73 56.42 55.84 55.93 55.88 55.79 55.82 55.85 56.72 55.81 55.9 55.91 55.91 55.9 55.9 56.67 56.89 56.81 56.94 56.91 56.26 55.36 55.28 55.32 55.42 55.26 55.25 55.28 55.62 55.2 55 55.14 55.21 55.5 55.43 55.39 55.37 55.51 55.45 55.64 55.57 55.49 55.46 55.59 55.51 55.43 55.4 55.4
54.49 54.2 54.13 54.09 54.06 54.08 54.07 54.28 54.54 55.58 55.53 55.79 55.62 55.66 55.71 55.76 55.85 55.97 56.11 56.26 56.32 56.32 56.42 56.38 56.27 56.03 55.39 56.54 56.82 56.81 56.57 55.86 55.83 55.87 55.85 55.83 55.84 56.57 55.89 55.89 55.9 55.88 55.9 55.91 56.22 56.81 56.83 55.89 56.33 56.66 56.83 55.82 55.43 55.37 55.49 55.31 55.3 55.25 55.44 54.98 55.08 55.12 55.25 55.46 55.41 55.44 55.39 55.5 55.58 55.52 55.46 55.53 55.55 55.5 55.49 55.57 55.49 55.41
54.4 54.08 54.09 54.19 54.21 54.04 54.1 54.21 54.46 54.8 55.68 55.76 55.72 55.64 55.58 55.43 55.64 55.92 56.16 56.29 56.44 56.43 56.61 56.54 56.3 55.99 55.67 56.77 56.83 56.73 56.05 55.82 55.92 55.9 55.85 55.89 55.89 56.61 55.86 55.93 55.91 55.9 55.91 55.91 56.91 56.9 55.66 55.5 55.44 55.63 55.93 55.44 55.82 56.3 55.44 55.37 55.36 55.76 55.09 55.01 55.19 55.08 55.24 55.37 55.47 55.46 55.51 55.53 55.59 55.52 55.47 55.51 55.55 55.56 55.42 55.48 55.53 55.61
54.13 54.04 54.21 54.18 54.22 54.09 54.22 54.34 54.56 55.48 55.75 55.73 55.73 55.66 55.63 55.4 55.79 56.07 56.24 56.39 56.52 56.6 56.66 56.62 56.25 55.98 55.98 56.81 56.86 56.72 55.81 55.91 55.88 55.86 55.88 55.84 56.73 55.85 55.9 55.9 55.92 55.89 55.88 56.81 57.07 55.41 55.46 55.4 55.42 55.48 55.54 55.44 55.34 55.35 55.28 55.54 55.59 55.96 55.33 55.21 55.25 55.29 55.26 55.35 55.41 55.45 55.49 55.65 55.54 55.45 55.53 55.51 55.56 55.56 55.53 55.57 55.58 55.7
54.03 53.98 54.18 54.19 54.27 54.21 54.28 54.51 54.84 55.71 55.74 55.78 55.82 55.66 55.44 55.88 56.08 56.22 56.34 56.43 56.54 56.63 56.67 56.59 56.23 55.94 56.2 56.95 56.68 55.89 55.95 55.9 55.89 55.91 55.93 56.19 56.11 55.87 55.9 55.9 55.91 55.9 55.97 56.99 57.07 55.31 55.4 55.39 55.29 55.34 55.3 55.34 55.29 55.37 55.33 55.38 55.53 55.64 55.5 55.32 55.25 55.18 55.36 55.43 55.45 55.44 55.36 55.44 55.43 55.47 55.43 55.57 55.58 55.6 55.62 55.64 55.72 55.86
54.05 54.06 54.02 54.16 54.2 54.23 54.44 54.63 55.66 55.78 55.74 55.78 55.82 55.67 55.86 56.03 56.19 56.26 56.33 56.34 56.48 56.48 56.57 56.57 56.21 55.36 56.75 56.82 56.19 55.89 55.92 55.9 55.92 55.85 55.88 56.57 55.86 55.9 55.9 55.93 55.92 55.86 57.06 57.05 55.97 55.23 55.28 55.23 55.33 55.5 55.44 55.38 55.32 55.31 55.46 55.52 55.43 55.49 55.54 55.34 55.28 55.18 55.36 55.41 55.45 55.43 55.45 55.34 55.4 55.42 55.48 55.51 55.46 55.59 55.61 55.67 55.91 56.3
54.04 53.94 53.97 54.11 54.23 54.34 54.51 55.25 55.81 55.81 55.81 55.83 55.71 55.79 55.87 55.99 56.08 56.18 56.29 56.35 56.37 56.43 56.54 56.45 56.11 56.18 56.83 56.6 55.86 55.88 55.9 55.88 55.91 55.9 56.49 55.92 55.9 55.91 55.9 55.87 55.91 56.8 57.12 57.22 55.2 54.93 55.22 55.23 55.28 55.43 55.4 55.37 55.45 55.44 55.46 55.57 55.55 55.52 55.47 55.26 55.28 55.26 55.31 55.46 55.46 55.37 55.49 55.37 55.34 55.39 55.41 55.53 55.5 55.66 55.62 55.8 56.01 57.27
53.92 53.94 54 54.1 54.26 54.45 54.89 55.88 55.9 55.84 55.93 55.86 55.81 56.04 55.76 55.81 56.03 56.12 56.19 56.27 56.31 56.38 56.45 56.3 55.75 56.88 56.76 55.87 55.92 55.92 55.95 55.9 55.9 56.06 55.96 55.94 55.86 55.89 55.89 55.91 55.87 57.19 57.29 55.66 54.55 54.86 55.14 55.26 55.29 55.24 55.34 55.34 55.34 55.39 55.47 55.56 55.47 55.57 55.33 55.29 55.13 55.45 55.38 55.45 55.33 55.5 55.4 55.38 55.37 55.37 55.5 55.43 55.47 55.63 55.59 55.77 56.17 57.31
53.95 53.95 53.97 54.1 54.25 54.54 55.75 55.9 55.86 55.91 55.84 55.77 55.85 55.6 55.79 55.85 55.98 56.1 56.29 56.32 56.28 56.28 56.33 55.92 56.81 56.76 56.57 55.83 55.93 55.91 55.92 55.9 55.89 56.61 55.93 55.87 55.9 55.9 55.89 55.79 57.06 57.23 56.7 54.97 54.28 55 55.16 55.33 55.27 55.31 55.4 55.43 55.44 55.46 55.49 55.44 55.55 55.5 55.32 55.32 55.32 55.36 55.41 55.35 55.4 55.37 55.35 55.41 55.35 55.42 55.5 55.49 55.5 55.56 55.67 55.89 57.11 57.14
54.09 54.08 54.12 54.24 54.4 55.07 55.98 55.97 55.93 55.94 55.72 55.72 55.69 55.66 55.79 55.81 55.93 56.16 56.24 56.25 56.14 56.44 56.27 56.51 56.86 56.79 55.9 55.89 55.9 55.9 55.91 55.88 56.82 55.91 55.98 55.89 55.9 55.89 55.9 56.34 57.17 57.17 55.35 55.21 55.07 54.97 55.19 55.39 55.39 55.34 55.24 55.43 55.43 55.4 55.4 55.45 55.59 55.3 55.33 55.36 55.28 55.39 55.45 55.52 55.44 55.35 55.31 55.34 55.37 55.44 55.49 55.48 55.56 55.64 55.74 57.03 57.11 56.6
54.22 54.2 54.14 54.35 54.65 55.91 55.93 55.96 55.98 55.95 55.7 55.61 55.69 55.74 55.69 55.84 55.92 56.01 56.12 56.23 56.27 56.43 56.35 56.98 56.84 55.91 55.84 55.9 55.9 55.9 55.92 56.07 56.74 55.94 55.9 55.89 55.9 55.9 55.9 57.27 57.23 55.72 55.43 55.16 55.36 55.41 55.45 55.46 55.4 55.29 55.49 55.48 55.5 55.44 55.38 55.51 55.45 55.27 55.21 55.38 55.31 55.49 55.34 55.46 55.28 55.41 55.32 55.27 55.38 55.46 55.58 55.67 55.52 55.58 56.56 57.02 57.01 56.13
54.22 54.25 54.38 54.56 55.79 55.88 55.95 55.96 55.9 55.98 55.72 55.64 55.67 55.7 55.69 55.61 55.76 55.91 55.99 56.17 56.35 56.31 56.91 56.87 56.65 55.9 55.81 55.89 55.87 55.89 55.85 56.89 55.92 55.89 55.9 55.9 55.91 55.9 57.03 57.19 56.12 55.42 55.34 55.35 55.33 55.35 55.27 55.5 55.53 55.56 55.69 55.62 55.52 55.43 55.53 55.56 55.46 55.36 55.32 55.39 55.56 55.38 55.42 55.42 55.31 55.28 55.36 55.22 55.32 55.41 55.54 55.81 55.59 56.27 57.08 56.94 56.13 56.11
54.37 54.36 54.51 55.11 56.03 55.96 56 55.89 55.82 55.9 55.62 55.7 55.58 55.6 55.52 55.57 55.68 55.89 56.04 56.19 56.35 56.87 57 56.84 55.93 55.82 55.88 55.9 55.91 55.9 56.74 56.08 55.9 55.9 55.91 55.91 55.9 56.06 57.26 57.27 55.61 55.46 55.4 55.38 55.32 55.34 55.43 55.49 55.68 55.66 55.59 55.93 55.57 55.52 55.55 55.31 55.31 55.23 55.32 55.44 55.39 55.49 55.45 55.44 55.35 55.4 55.25 55.25 55.33 55.45 55.72 55.74 56.03 57.16 56.94 56.49 56.13 56.14
54.49 54.53 54.76 55.97 55.99 55.98 56.04 55.91 55.82 55.49 55.6 55.59 55.44 55.3 55.26 55.5 55.7 55.89 56.1 56.23 56.24 57.06 56.87 56.29 55.89 55.88 55.9 55.88 55.9 55.9 56.8 55.88 55.9 55.89 55.89 55.9 55.91 57.23 57.19 56.37 55.58 55.48 55.44 55.45 55.51 55.55 55.42 55.41 55.52 55.66 55.76 56.51 55.54 55.57 55.49 55.29 55.27 55.3 55.33 55.56 55.52 55.54 55.44 55.44 55.41 55.4 55.36 55.2 55.19 55.34 55.39 55.62 57.12 56.95 56.84 56.11 56.13 56.11
54.53 54.67 55.78 55.98 56.01 55.98 55.84 55.79 55.75 55.4 55.46 55.25 54.83 54.97 55.3 55.56 55.84 55.99 56.15 56.26 56.99 56.96 56.81 55.91 55.91 55.9 55.89 55.9 55.88 56.89 55.89 55.91 55.9 55.9 55.89 55.9 56.82 57.1 57.14 55.79 55.51 55.47 55.52 55.55 55.48 55.44 55.48 55.47 55.43 55.6 55.58 55.49 55.45 55.5 55.45 55.41 55.35 55.36 55.48 55.6 55.59 55.68 55.49 55.32 55.45 55.32 55.13 55.36 55.36 55.36 56.03 56.67 56.97 56.89 56.15 56.11 56.13 56.13
54.7 54.86 55.83 55.94 56.03 55.94 55.84 55.8 56.07 55.29 54.92 54.53 54.8 55.12 55.33 55.57 55.8 56 56.25 56.79 57.07 56.84 55.91 55.92 55.91 55.88 55.92 55.85 56.48 56.48 55.91 55.9 55.86 55.9 55.9 55.94 57.01 56.83 56.99 56.08 55.58 55.6 55.68 55.64 55.53 55.49 55.51 55.51 55.55 56 55.66 55.43 55.49 55.44 55.45 55.42 55.49 55.47 55.63 55.91 55.93 55.64 55.4 55.4 55.39 55.25 55.2 55.32 55.38 55.46 56.2 56.79 57.06 56.8 56.14 56.13 56.14 56.13
