Dane przykładowe/DEM/NMT4.asc
ncols         438
nrows         475
xllcenter     359780
yllcenter     507585
cellsize      5
nodata_value  -9999
[rows 170 to 203 of 475, columns 156 to 233 of 438]
76.82 76.53 76.4 76.17 75.91 75.77 75.68 75.5 75.19 75.32 75.4 75.41 75.02 74.47 74.25 74.09 73.85 73.71 73.85 73.66 73.41 73.2 73.02 73.01 72.73 72.88 72.89 72.95 72.89 72.93 72.87 72.81 72.82 72.77 72.76 72.68 72.48 72.34 72.3 72.42 72.45 72.49 72.56 72.62 72.27 72.33 71.9 71.78 71.81 71.8 71.75 71.6 71.39 71.24 71.68 71.6 71.5 71.52 71.57 71.83 72.16 71.55 69.78 73.67 70.99 70.98 71.01 71.07 71.08 71.09 71.03 71.08 70.89 70.97 71 70.97 71.02 71
76.63 76.56 76.35 76.06 75.88 75.73 75.7 75.61 75.33 75.45 75.45 75.37 75.22 74.82 74.45 74.14 73.94 73.77 73.63 73.53 73.5 73.42 73.28 73.08 73 72.93 73.01 73.1 72.98 72.96 72.86 72.93 72.84 72.74 72.69 72.71 72.61 72.34 72.26 72.25 72.24 72.48 72.51 72.43 72.56 72.61 72.49 71.92 71.72 71.75 71.75 71.72 71.65 71.7 71.58 71.47 71.55 71.64 71.63 71.72 72.05 69.6 69.53 71.86 70.92 70.96 71 71.12 71.11 71.11 71.12 70.93 70.91 71.06 71.04 71 71.04 71.07
76.73 76.49 76.28 76.1 75.91 75.69 75.45 75.36 75.53 75.41 75.41 75.4 75.04 75 74.47 74.12 73.96 73.89 73.81 73.55 73.45 73.37 73.36 73.16 73.1 73.08 73.22 73.12 73.03 72.92 73.09 72.84 72.73 72.64 72.67 72.62 72.68 72.48 72.41 72.27 72.16 72.22 72.3 72.31 72.41 72.49 72.51 72.52 72.16 71.77 71.68 71.73 71.83 71.75 70.71 69.96 71.65 71.41 71.52 71.67 72.35 71.84 71.66 71 70.84 70.88 71 71.1 71.12 71.09 71.06 70.79 71.01 71.03 71.03 70.95 71.01 71.09
76.6 76.45 76.23 76.02 75.81 75.58 75.37 75.35 75.43 75.44 75.32 75.33 75.07 74.73 74.38 73.9 73.81 73.75 73.71 73.71 73.48 73.37 73.34 73.29 73.25 73.24 73.12 73.13 72.99 73.14 72.94 72.83 72.69 72.62 72.58 72.67 72.75 72.52 72.48 72.58 72.28 72.09 72.19 72.28 72.33 72.46 72.45 71.73 71.53 71.83 71.76 71.62 71.68 71.73 71.72 69.9 69.96 70.01 71.3 71.76 71.81 71.66 71.42 70.5 70.79 70.67 70.85 70.98 71.06 71.01 70.92 70.98 71.03 71.04 70.94 70.97 71.06 71.07
76.58 76.25 76.09 75.85 75.5 75.33 75.4 75.4 75.43 75.39 75.34 75.18 74.99 74.62 73.92 73.81 73.71 73.62 73.8 73.7 73.64 73.43 73.3 73.33 73.36 73.23 73.2 73.11 73.29 73.12 72.92 72.79 72.68 72.59 72.54 72.48 72.47 72.49 72.47 72.48 72.51 72.35 72.22 72.27 72.29 72.41 72.48 71.4 71.66 71.44 71.89 71.77 71.57 71.59 71.73 71.86 69.96 69.94 70.12 71.34 71.65 71.51 69.71 67.23 70.54 70.73 70.71 70.82 70.93 70.9 71.02 71.11 71.03 70.95 70.97 71.13 71.08 70.99
76.62 75.96 75.86 75.68 75.33 75.33 75.43 75.52 75.45 75.35 75.19 75.06 74.79 74.22 73.83 73.74 73.66 73.62 73.78 73.83 73.75 73.65 73.45 73.24 73.27 73.28 73.15 73.33 73.16 73.22 72.88 72.62 72.61 72.55 72.53 72.49 72.47 72.46 72.43 72.45 72.43 72.53 72.44 72.26 72.25 72.26 71.55 71.67 71.66 71.68 71.65 71.8 71.85 71.57 71.51 71.63 71.66 71.49 71.33 71.42 71.73 71.43 71.28 70.19 67.53 66.78 70.8 70.78 70.77 70.85 70.98 71.05 70.97 71.01 71.04 71.12 71.09 71.1
76.6 75.79 75.65 75.32 75.27 75.42 75.38 75.41 75.42 75.38 75.17 74.85 74.65 74.45 74.16 73.89 73.63 73.78 73.6 73.76 73.74 73.66 73.74 73.31 73.34 73.24 73.41 73.21 73.08 73.51 72.42 72.45 72.55 72.52 72.44 72.45 72.42 72.41 72.41 72.17 72.48 72.44 72.48 72.52 71.45 71.63 71.56 71.56 71.67 71.63 71.65 70.11 71.7 71.68 71.59 71.44 71.51 71.6 71.56 71.77 71.72 71.55 71.63 71.61 70.97 68.66 67.23 70.85 70.87 70.79 70.89 70.84 70.96 71.03 71.08 71.06 71.08 70.97
76.59 75.71 75.23 75.26 75.36 75.38 75.41 75.34 75.33 75.21 74.98 74.73 74.52 74.46 74.51 74.36 73.65 73.6 73.75 73.83 73.75 73.63 73.48 73.46 73.4 73.31 73.23 73.13 72.95 72.85 72.54 72.37 72.45 72.48 72.44 72.41 72.39 72.41 71.97 72.13 72.34 72.43 72.41 71.39 71.56 71.56 71.53 71.55 71.54 71.68 71.68 68.81 70.84 71.7 71.6 71.54 71.42 71.46 71.58 71.54 71.64 71.71 71.7 71.64 71.49 71.18 69.82 66.8 69.47 70.84 70.73 70.71 71 71.05 71.08 70.99 70.95 70.86
76.44 75.5 75.25 75.27 75.4 75.46 75.41 75.35 75.22 75.1 74.88 74.54 74.46 74.5 74.53 71.57 74.33 73.67 73.76 73.76 73.74 73.72 73.52 73.49 73.44 73.25 73.1 72.99 72.86 72.93 72.44 72.23 72.45 72.41 72.35 72.36 72.36 72.04 72.02 72.11 72.32 72.33 71.48 71.48 71.57 71.66 71.74 71.55 71.55 71.56 66.92 70.2 71.86 71.88 71.93 71.64 71.57 71.36 71.36 71.39 71.55 71.46 71.27 71.34 71.02 70.7 70.25 69.65 68.14 66.76 70.8 70.71 70.77 70.97 71.02 71.05 70.93 70.81
75.64 75.34 75.26 75.21 75.42 75.53 75.35 75.32 75.26 75.08 74.86 74.44 74.5 74.51 73.86 72.44 72.59 73.04 73.85 73.78 73.85 73.58 73.6 73.62 73.41 73.38 72.95 72.78 72.6 72.55 72.33 72.33 72.27 72.36 72.26 72.34 72.3 72 71.71 72.13 72.22 72.01 71.54 71.48 71.6 71.65 71.63 71.62 71.57 67.92 68.08 71.76 71.93 71.87 71.83 71.89 71.9 71.44 71.44 71.32 71.27 71.37 71.18 70.35 70.04 70.29 70.19 69.74 69.38 68.32 66.77 70.74 70.69 70.64 70.96 70.98 70.9 70.85
75.4 75.29 75.25 75.24 75.35 75.41 75.44 75.24 75.15 74.96 74.7 74.6 74.5 74.55 73.88 73.15 73.41 73.69 73.81 73.84 73.68 73.74 73.71 73.68 73.49 73.22 73.08 72.81 72.57 72.4 72.42 72.18 72.39 72.34 72.31 72.47 72.01 72.13 72.25 72.19 72.2 71.56 71.54 71.55 71.52 71.54 71.64 71.64 71.53 65.77 68.56 69.55 70.45 71.84 71.88 71.87 71.54 71.59 71.64 71.25 71.27 71.26 71.53 70.46 69.83 69.96 69.99 69.59 69.42 68.65 66.43 66.88 69.6 70.76 70.74 70.81 70.86 70.92
75.4 75.35 75.27 75.16 75.23 75.26 75.31 75.16 75.15 74.81 74.64 74.49 74.45 74.42 74.16 74.01 74.16 74.17 73.89 73.76 73.8 73.66 73.66 73.64 73.48 73.29 73.43 73.15 72.66 72.4 72.24 72.06 72.33 72.44 72.45 72.05 72.13 72.22 72.21 72.33 71.54 71.54 71.55 71.54 71.51 71.54 71.58 71.6 71.62 71.56 66 69.77 70.8 71.39 71.83 71.46 71.55 71.47 71.41 71.23 71.23 71.24 71.31 71.36 70.96 69.96 69.78 69.48 69.07 67.4 66.3 66.76 66.83 66.74 70.83 70.82 70.83 71.03
75.97 75.45 75.28 75.21 75.11 75.24 75.26 75.38 75.05 74.97 74.65 74.37 74.31 74.32 74.33 74.27 74.16 73.97 73.92 73.85 73.76 73.84 73.72 73.63 73.49 73.62 73.67 73.4 73.06 72.6 72.27 72.23 72.18 72.22 72.4 72.38 72.4 72.38 72.33 71.43 71.45 71.54 71.55 71.52 71.61 71.53 71.52 71.64 71.57 72.2 72.2 65.51 67.86 71.35 71.28 71.33 71.37 71.32 71.29 71.1 71.18 71.26 71.38 71.39 71.47 71.39 69.89 69.7 67.77 66.22 66.77 66.89 66.89 66.78 66.77 70.86 70.88 70.95
76.22 75.73 75.52 75.29 75.19 75.12 75.36 75.24 75.07 74.92 74.67 74.45 74.38 74.15 74.26 74.11 74.13 74.03 73.95 73.84 74.01 73.83 73.69 73.55 73.66 73.8 73.93 73.73 73.37 72.64 72.43 72.26 72.15 72.05 72.17 72.23 72.45 72.47 71.51 71.5 71.63 71.59 71.66 71.58 71.58 71.53 69.83 71.54 72.17 72.16 72.18 65.47 68.84 71.43 71.21 71.2 71.23 71.32 71.08 71.16 71.47 70.98 71.37 71.58 71.46 71.39 71.35 70.43 66.77 66.95 68.38 68.4 67.91 68.01 68.17 69.55 70.17 70.96
76.31 75.85 75.6 75.52 75.2 75.21 75.36 75.18 75.06 74.94 74.75 74.53 74.4 74.28 74.21 74.34 74.18 73.98 73.96 73.98 73.9 73.77 73.63 73.67 73.9 73.86 73.8 73.61 73.46 72.98 72.58 72.34 72.24 72.12 72 72.2 72.32 72.09 71.46 71.45 71.55 71.56 71.56 71.59 71.6 71.53 71.54 71.56 72.17 72.15 65.45 65.19 66.61 71.41 71.38 71.14 71.14 71.04 71 71.43 71.41 71.14 71.38 71.57 71.49 71.4 71.28 71.18 71.08 69.56 69.54 69.24 69 69.58 69.53 69.55 69.79 69.79
76.45 76.14 75.69 75.53 75.28 75.35 75.5 75.2 75.08 74.82 74.73 74.55 74.47 74.33 74.37 74.19 74.08 74.1 73.99 74.07 73.85 73.69 73.69 73.89 73.93 73.77 73.7 73.65 73.57 73.47 72.76 72.61 72.36 72.21 72.08 72.03 72.03 72.11 72.31 71.69 71.47 71.47 71.53 71.57 71.57 71.54 71.52 72.15 72.08 72.18 65.5 65.5 65.15 69.54 71.57 71.28 71.06 70.95 71.02 71.24 71.49 71.45 71.44 71.55 71.51 71.46 71.53 71.23 71.14 71.24 69.58 69.55 69.57 69.56 69.88 69.74 69.81 69.81
76.51 76.16 75.71 75.46 75.29 75.47 75.49 75.23 75.02 74.93 74.56 74.67 74.66 74.49 74.39 74.28 74.21 74.11 74.08 74.04 73.83 73.66 73.83 73.85 73.77 73.72 73.7 73.53 73.61 73.55 73.15 72.84 72.52 72.38 72.24 72.03 71.95 71.95 72.12 72.18 71.57 71.47 71.47 71.56 71.67 69.48 72.15 72.16 71.55 67.51 66.15 65.45 65.46 69.75 71.43 71.3 71.09 71.07 71.04 71.22 71.29 71.33 71.61 71.62 71.6 71.49 71.51 71.41 71.24 71.07 71.21 70.32 69.59 69.83 69.74 69.77 69.91 69.84
76.5 76.08 75.78 75.49 75.3 75.48 75.45 75.18 75.03 74.88 74.33 74.71 74.56 74.5 74.3 74.28 74.18 74.26 73.96 73.83 73.78 73.78 73.77 73.83 73.74 73.68 73.41 73.23 73.08 73.26 73.05 72.71 72.66 72.63 72.37 72.14 71.87 71.94 71.89 72.08 71.97 71.92 71.46 71.53 71.9 72.12 72.16 72.22 68.68 67.2 66.73 65.08 66.44 70.15 71.35 71.26 71.19 71.44 71.14 71.35 71.46 71.34 71.62 71.57 71.68 71.57 71.52 71.47 71.62 71.09 71.03 70.98 70.65 69.99 69.79 69.95 69.84 69.72
76.34 76.04 75.77 75.38 75.43 75.44 75.48 75.09 75.08 74.78 74.71 74.57 74.66 74.4 74.35 74.27 74.34 74.21 74.05 73.79 73.49 73.68 73.61 73.77 73.68 73.65 73.2 72.97 72.83 72.87 72.8 72.79 72.77 72.99 72.42 72.16 71.96 71.95 71.96 71.85 71.79 71.8 71.92 71.56 71.9 72.15 72.26 68.67 68.29 67.8 66.47 65.1 65.22 68.75 70.34 71.13 71.28 70.35 71.08 71.44 71.38 71.64 71.51 71.67 71.67 71.69 71.58 71.57 71.35 71.15 71.07 70.96 70.86 70.94 69.55 69.81 69.77 69.6
76.38 76.16 76.03 75.36 75.44 75.61 75.54 75.3 75.07 74.79 74.57 74.57 74.61 74.41 74.41 74.33 74.43 74.12 73.87 73.62 73.31 73.52 73.56 73.54 73.57 73.42 73.08 72.77 72.75 72.79 72.82 72.78 72.79 72.54 72.32 72.05 71.98 72.12 72.06 71.83 71.81 71.74 71.74 71.8 71.71 71.49 68.69 68.77 68.66 68.05 66.95 65.64 65.42 65.06 67.4 68.97 68.76 68.93 69.84 71.35 71.43 71.51 71.6 71.61 71.61 71.7 71.63 71.55 70.67 71.24 71.11 70.99 70.86 70.75 70.82 70.11 69.79 71.03
76.55 75.84 75.49 75.45 75.52 75.48 75.46 75.69 75.28 74.89 74.67 74.68 74.46 74.52 74.47 74.3 74.11 74.07 73.7 73.56 72.79 73.17 73.12 73.4 73.36 73.97 72.93 72.84 72.77 72.79 72.83 72.72 72.61 72.43 72.17 72.04 72.19 72.18 72.04 72.03 71.78 71.76 71.69 71.7 71.99 71.7 68.7 68.7 66.8 66.93 66.45 65.43 65.52 65.37 65.15 66.98 67.98 68.64 71.65 71.65 71.51 71.57 71.66 71.62 71.59 71.67 71.62 69.69 70.82 71.27 71.11 71.21 71.18 70.83 70.59 70.57 70.42 70.43
75.89 75.49 75.67 75.5 75.36 75.39 75.48 75.44 75.34 75.03 74.76 74.62 74.61 74.53 74.45 74.29 74.1 73.75 73.59 73.06 73.33 73.13 73.06 73.04 73.16 73.02 72.86 72.78 72.96 72.77 72.78 72.62 72.46 72.34 72.11 72.16 72.13 72.25 72.21 72.1 72.05 71.81 71.74 71.69 71.64 71.76 71.96 70.19 65.77 65.75 65.67 65.55 65.76 65.33 65.32 65.61 67.74 71.63 71.66 71.52 71.49 71.59 71.7 71.63 71.59 71.59 68.78 69.2 71.23 71.2 71.32 71.17 71.06 70.99 70.69 70.48 70.37 70.28
75.8 75.52 75.52 75.52 75.44 75.33 75.29 75.46 75.28 75.03 74.8 74.71 74.58 74.58 74.39 74.2 74.09 73.71 73.65 73.49 73.18 73.05 73.02 73.01 72.94 72.95 73.36 72.76 72.81 72.74 72.77 72.63 72.5 72.17 72.29 72.24 72.31 72.42 72.32 72.23 72.13 72.04 71.83 71.67 71.63 71.57 71.6 71.93 71.81 65.39 65.77 65.35 65.38 65.67 64.96 65.71 71.17 71.67 71.55 71.45 71.53 71.58 71.6 71.65 71.59 68.38 68.44 71.22 71.12 71.2 71.22 71.31 71.26 71.22 71.22 70.51 70.38 70.27
75.6 75.67 75.61 75.56 75.61 75.48 75.29 75.18 75.23 74.9 74.77 74.71 74.75 74.5 74.37 74.07 73.8 73.71 73.48 73.48 73.41 73.14 73 72.93 72.87 72.87 72.83 72.71 72.6 72.64 72.65 72.61 72.47 72.21 72.21 72.32 72.33 72.46 72.34 72.33 72.34 72.13 72.08 71.93 71.59 71.58 71.54 71.49 71.89 71.68 65.37 65.51 65.34 65.21 64.98 67.51 71.61 71.67 71.44 71.38 71.58 71.49 71.52 71.56 70.73 68.38 71.14 71.08 71.04 71.52 71.24 71.21 71.18 71.32 71.22 70.48 70.65 70.26
75.68 75.6 75.61 75.56 75.53 75.54 75.45 75.11 74.97 74.87 74.83 74.73 74.53 74.42 74.32 74.14 73.8 73.69 73.55 73.61 73.67 73.34 72.95 72.86 72.82 72.81 72.94 72.65 72.56 72.52 72.6 72.58 72.47 72.42 72.25 72.27 72.28 72.31 72.4 72.41 72.44 72.36 72.27 72.13 71.85 71.48 71.51 71.5 71.53 71.72 71.81 66.07 65.35 65.45 65.3 71.66 71.72 71.54 71.54 71.39 71.4 71.41 71.57 71.61 71.3 71.24 71.21 71.03 71.19 71.17 71.16 71.16 71.15 71.14 69.86 70.55 70.4 70.26
75.67 75.66 75.6 75.54 75.52 75.43 75.3 75.12 74.96 74.93 74.91 74.89 74.19 74.26 74.19 74.04 73.98 73.88 73.71 73.65 73.69 73.71 73.22 72.83 72.85 72.83 72.77 72.68 72.58 72.4 72.41 72.52 72.35 72.5 72.44 72.32 72.31 72.34 72.36 72.44 72.4 72.32 72.35 72.19 72.09 71.94 71.69 71.49 71.49 71.61 71.71 71.89 68.15 65.35 71.74 71.68 71.51 71.45 71.53 71.5 71.42 71.28 71.4 71.29 71.4 71.33 71.12 71.18 71.14 71.21 71.24 71.21 71.2 69.04 69.58 70.47 70.34 70.35
75.67 75.65 75.63 75.61 75.71 75.47 75.32 75.13 75.05 74.98 75.11 74.65 74.14 73.96 73.81 74.07 73.82 73.7 73.62 73.68 73.69 73.69 73.53 73.19 72.78 72.75 72.72 72.69 72.55 72.43 72.38 72.56 72.45 72.58 72.51 72.56 72.4 72.38 72.46 72.41 72.41 72.5 72.42 72.31 72.17 72.08 71.88 71.54 71.56 71.44 71.67 71.36 71.71 71.83 71.84 71.51 71.52 71.48 71.51 71.68 71.5 71.36 71.28 71.29 71.31 71.23 71.22 71.32 71.23 71.21 71.2 71.35 68.25 68.6 70.55 70.41 70.32 70.46
75.66 75.64 75.58 75.64 75.57 75.45 75.23 75.12 75.02 75.15 74.93 74.25 74.24 74.32 73.9 73.82 73.9 73.74 73.67 73.68 73.98 74.01 73.81 73.53 73.34 72.53 72.63 72.55 72.49 72.41 72.39 72.25 72.33 72.37 72.42 72.42 72.53 72.46 72.42 72.37 72.34 72.39 72.28 72.31 72.19 72.06 71.71 71.7 71.66 71.44 71.31 71.29 71.24 71.5 71.55 71.5 71.52 71.54 71.44 71.54 71.59 71.5 71.39 71.26 71.17 71.18 71.32 71.24 71.19 71.29 71.24 68.15 68.03 70.51 70.47 70.4 70.46 70.5
75.62 75.69 75.65 75.62 75.49 75.36 75.22 75.14 75.23 75.16 74.35 74.33 73.95 73.56 73.9 74 73.87 73.82 73.7 73.62 73.78 73.99 73.99 73.9 73.44 73.09 72.37 72.47 72.43 72.29 72.05 72.05 72.05 72.25 72.27 72.36 72.42 72.49 72.37 72.37 72.36 72.35 72.27 72.25 72.17 71.96 71.95 71.96 71.81 71.29 71.3 71.21 71.17 71.24 71.09 71.29 71.64 71.57 71.5 71.53 71.6 71.5 71.49 71.48 71.22 71.1 71.12 71.11 71.3 71.12 71.3 67.94 70.43 70.39 70.38 70.5 70.51 70.52
76.27 75.9 75.6 75.54 75.47 75.31 75.24 75.34 75.39 74.46 74.44 74.08 73.71 73.92 74.31 73.74 74.29 73.9 73.8 73.49 73.47 73.75 73.92 73.63 73.69 72.81 72.48 72.37 72.37 72.13 72.11 71.88 71.88 71.99 72.18 72.25 72.34 72.36 72.37 72.46 72.35 72.33 72.25 72.17 72.06 72.1 72.02 71.93 71.57 71.36 71.42 71.35 71.12 70.98 70.9 70.72 71.12 71.6 71.58 71.54 71.53 71.52 71.64 71.54 71.48 71.12 70.96 70.92 71.12 71.32 70.51 70.45 70.33 70.28 70.36 70.53 70.51 70.53
76.08 76.12 75.76 75.56 75.39 75.37 75.39 75.36 74.64 74.58 74.31 73.95 73.94 74.4 74.71 74.33 74.22 74.05 73.91 73.75 73.42 73.35 73.2 73.43 73.07 72.57 72.44 72.32 72.17 72.04 71.93 71.87 71.89 71.88 71.95 72.02 72.21 72.27 72.29 72.39 72.66 72.42 72.22 72.16 72.12 72.18 72.17 71.98 71.27 71.2 71.32 71.29 71.23 71.11 70.85 70.71 70.51 70.85 71.65 71.57 71.62 71.43 71.6 71.57 71.61 71.45 71.07 70.81 70.79 70.61 70.44 70.3 70.21 70.24 70.39 70.47 70.53 70.5
75.96 75.94 75.71 75.52 75.49 75.47 75.31 74.93 74.71 74.53 74.6 73.72 74.23 74.61 74.69 74.73 74.11 73.02 74.16 73.98 73.89 73.31 72.99 72.81 72.65 72.55 72.47 72.44 72.01 71.99 71.85 71.83 71.84 71.84 71.95 71.93 71.96 72.12 72.24 72.39 72.35 72.43 72.37 72.27 72.15 72.14 72.19 71.31 71.47 70.69 70.72 70.88 71.29 71.29 71 70.71 70.52 70.39 70.47 71.42 71.47 71.43 71.57 71.56 71.58 71.58 71.53 71.18 70.65 70.51 70.37 70.15 70.2 70.24 70.63 70.52 70.5 70.5
75.91 75.72 75.65 75.61 75.5 75.61 75.16 74.86 74.83 74.69 73.84 74.24 74.1 74.63 74.6 74.45 73.8 73.2 72.92 74.07 73.98 73.93 73.48 72.99 72.65 72.5 72.47 72.26 72.06 71.98 71.84 71.85 71.75 71.72 71.8 71.87 71.85 71.92 72.1 72.23 72.28 72.37 72.43 72.4 72.18 72.32 71.37 71.45 71.47 71.24 70.96 71.12 71.41 71.27 70.99 70.93 70.53 70.37 70.28 70.37 71.15 71.55 71.59 71.59 71.55 71.53 71.55 71.49 71.28 70.5 70.32 70.19 70.2 70.38 70.58 70.63 70.48 70.44
76.01 75.78 75.74 75.63 75.65 75.35 75.04 74.98 74.78 73.74 74.22 74.5 74.87 74.67 74.62 74.24 73.92 73.62 73.41 72.94 74.17 73.94 73.99 73.61 72.89 72.51 72.33 72.22 72.19 72 71.88 71.79 71.78 71.7 71.73 71.85 71.92 71.78 72.1 72.13 72.2 72.28 72.35 72.24 72.06 71.5 71.51 71.89 71.65 71.62 71.3 71.36 71.43 71.32 71.13 71.07 70.97 70.5 70.25 70.34 70.17 70.7 71.41 71.58 71.47 71.61 71.57 71.58 71.59 71.46 70.53 70.29 70.37 70.24 70.5 70.45 70.48 70.6
