Dane przykładowe/DEM/NMT4.asc
ncols         438
nrows         475
xllcenter     359780
yllcenter     507585
cellsize      5
nodata_value  -9999
[rows 0 to 33 of 475, columns 156 to 233 of 438]
-9999 -9999 -9999 -9999 -9999 -9999 -9999 -9999 -9999 -9999 -9999 -9999 -9999 -9999 -9999 -9999 -9999 -9999 -9999 -9999 -9999 -9999 -9999 -9999 -9999 -9999 -9999 -9999 -9999 -9999 -9999 -9999 -9999 -9999 -9999 -9999 -9999 -9999 -9999 -9999 -9999 -9999 -9999 -9999 -9999 -9999 -9999 -9999 -9999 -9999 -9999 -9999 -9999 -9999 -9999 -9999 -9999 -9999 -9999 -9999 -9999 -9999 -9999 -9999 -9999 -9999 -9999 -9999 -9999 -9999 -9999 -9999 -9999 -9999 -9999 -9999 -9999 -9999
-9999 -9999 -9999 -9999 -9999 -9999 -9999 -9999 -9999 -9999 -9999 -9999 -9999 -9999 -9999 -9999 -9999 -9999 -9999 -9999 -9999 -9999 -9999 -9999 -9999 -9999 -9999 -9999 -9999 -9999 -9999 -9999 -9999 -9999 -9999 -9999 -9999 -9999 -9999 -9999 -9999 -9999 -9999 -9999 -9999 -9999 -9999 -9999 -9999 -9999 -9999 -9999 -9999 -9999 -9999 -9999 -9999 -9999 -9999 -9999 -9999 -9999 -9999 -9999 -9999 -9999 -9999 -9999 -9999 -9999 -9999 -9999 -9999 -9999 -9999 -9999 -9999 -9999
-9999 -9999 -9999 -9999 -9999 -9999 -9999 -9999 -9999 -9999 -9999 -9999 -9999 -9999 -9999 -9999 -9999 -9999 -9999 -9999 -9999 -9999 -9999 -9999 -9999 -9999 -9999 -9999 -9999 -9999 -9999 -9999 -9999 -9999 -9999 -9999 -9999 -9999 -9999 -9999 -9999 -9999 -9999 -9999 -9999 -9999 -9999 -9999 -9999 -9999 -9999 -9999 -9999 -9999 -9999 -9999 -9999 -9999 -9999 -9999 -9999 -9999 -9999 -9999 -9999 -9999 -9999 -9999 -9999 -9999 -9999 -9999 -9999 -9999 -9999 -9999 -9999 -9999
-9999 -9999 -9999 -9999 -9999 -9999 -9999 -9999 -9999 -9999 -9999 -9999 -9999 -9999 -9999 -9999 -9999 -9999 -9999 -9999 -9999 -9999 -9999 -9999 -9999 -9999 -9999 -9999 -9999 -9999 -9999 -9999 -9999 -9999 -9999 -9999 -9999 -9999 -9999 -9999 -9999 -9999 -9999 -9999 -9999 -9999 -9999 -9999 -9999 -9999 -9999 -9999 -9999 -9999 -9999 -9999 -9999 -9999 -9999 -9999 -9999 -9999 -9999 -9999 -9999 -9999 -9999 -9999 -9999 -9999 -9999 -9999 -9999 -9999 -9999 -9999 -9999 -9999
79.4 79.16 79 78.82 78.68 78.54 78.44 78.35 -9999 -9999 -9999 -9999 -9999 -9999 -9999 -9999 -9999 -9999 -9999 -9999 -9999 -9999 -9999 -9999 -9999 -9999 -9999 -9999 -9999 -9999 -9999 -9999 -9999 -9999 -9999 -9999 -9999 -9999 -9999 -9999 -9999 -9999 -9999 -9999 -9999 -9999 -9999 -9999 -9999 -9999 -9999 -9999 -9999 -9999 -9999 -9999 -9999 -9999 -9999 -9999 -9999 -9999 -9999 -9999 -9999 -9999 -9999 -9999 -9999 -9999 -9999 -9999 -9999 -9999 -9999 -9999 -9999 -9999
79.87 79.66 79.2 79.11 78.9 78.57 78.43 78.36 78.36 78.29 78.25 78.26 78.24 78.35 78.38 78.23 78.2 78.08 78.07 78.07 78.36 77.12 77.23 77.13 77.19 77.26 77.21 77.26 77.21 77.12 77.12 77.18 77.17 77.25 77.17 76.95 76.41 76.29 76.18 76.13 76.22 75.87 75.38 77.113 -9999 -9999 -9999 -9999 -9999 -9999 -9999 -9999 -9999 -9999 -9999 -9999 -9999 -9999 -9999 -9999 -9999 -9999 -9999 -9999 -9999 -9999 -9999 -9999 -9999 -9999 -9999 -9999 -9999 -9999 -9999 -9999 -9999 -9999
79.85 79.64 79.17 79.11 79.03 78.93 78.66 78.75 78.59 78.51 78.41 78.33 78.31 78.27 78.28 78.24 78.13 78.06 78.08 78.14 78.12 77.14 77.33 77.2 77.21 77.28 77.2 77.24 77.2 77.13 77.17 77.15 77.04 77.11 77.22 77.16 77.08 76.57 76.39 76.16 76.06 75.87 75.24 75.17 75.13 75.08 75 74.98 74.98 74.85 74.79 74.81 74.86 74.75 74.86 74.89 74.38 74.34 74.31 74.21 74.19 74.18 74.14 74.09 74.12 74.09 74.04 74.33 74.15 74.3 74.24 74.42 74.44 74.24 74.16 74.12 74.04 73.76
79.9 79.48 79.18 79.15 79.12 79.23 78.91 79.03 78.77 78.75 78.68 78.58 78.64 78.45 78.31 78.18 78.08 78.01 78 78.13 77.76 77.2 77.3 77.15 77.2 77.29 77.18 77.25 77.26 77.14 77.22 77.17 77.07 77.13 77.19 77.01 77.01 76.55 76.38 76.26 76.2 76.07 75.48 75.13 75.09 75.06 74.99 74.97 74.84 74.72 74.76 74.74 74.79 74.79 74.76 74.89 74.82 74.72 74.51 74.23 74.22 74.13 74.09 74.16 74.17 74.44 74.41 74.17 74.17 74.11 74.08 74.17 74.32 74.22 74.12 74.02 73.91 73.66
79.32 79.25 79.19 79.21 79.21 79.36 79.34 79.24 78.94 78.99 78.82 78.74 78.73 78.63 78.49 78.24 78.19 78.04 78.1 78.07 77.31 77.18 77.28 77.27 77.25 77.31 77.26 77.39 77.37 77.28 77.25 77.16 77.09 77.16 76.96 76.85 76.73 76.52 76.44 76.27 76.2 76.17 75.42 75.16 75.08 75.04 74.96 74.87 74.72 74.6 74.7 74.7 74.73 74.74 74.78 74.83 74.77 74.67 74.57 74.54 74.41 74.26 74.32 74.46 74.3 74.29 74.29 74.28 74.18 74.08 74.01 74.06 74.27 74.31 74.07 74.02 73.99 73.7
79.42 79.37 79.24 79.19 79.09 79.04 78.97 78.98 78.91 78.9 78.92 78.92 78.91 78.77 78.59 78.41 78.56 78.13 78.08 78.16 77.2 77.23 77.22 77.23 77.24 77.29 77.21 77.32 77.28 77.26 77.2 77.09 77.03 76.98 76.71 76.48 76.3 76.89 76.44 76.33 76.2 76.25 75.19 75.13 75.08 75.06 75.03 74.86 74.58 74.49 74.63 74.65 74.61 74.69 74.7 74.67 74.61 74.53 74.49 74.36 74.32 74.34 74.14 74.15 74.12 74.11 74.17 74.17 74.18 74.15 74.05 73.96 74.04 74.19 74.06 73.97 73.85 73.78
79.36 79.42 79.26 79.23 79.15 79.2 79.06 79.19 78.98 79.19 78.87 78.76 78.74 79.01 79 78.43 78.36 78.22 78.28 78.46 77.21 77.25 77.25 77.24 77.23 77.29 77.29 77.26 77.27 77.2 77.24 77.1 76.99 76.85 76.74 76.41 76.07 75.9 76.34 76.26 76.27 76.33 75.2 75.18 75.11 75.06 75.01 74.7 74.41 74.39 74.55 74.57 74.55 74.63 74.57 74.54 74.56 74.46 74.41 74.43 74.28 74.23 74.17 74.14 74.13 74.11 74.1 74.05 74.03 74 74.12 73.88 73.92 74.09 74.17 73.95 73.85 73.82
79.53 79.5 79.51 79.22 79.14 79.13 79.1 79.12 79.05 79.12 78.96 78.9 78.71 78.75 78.84 77.06 77.47 78.31 78.71 78.35 77.18 77.21 77.22 77.24 77.29 77.25 77.28 77.25 77.19 77.14 77.07 77.02 76.92 76.87 76.81 76.68 76.61 76.7 76.45 76.37 76.34 75.52 75.18 75.13 74.85 74.8 74.63 74.49 74.34 74.25 74.35 74.44 74.54 74.53 74.55 74.54 74.57 74.43 74.34 74.38 74.27 74.27 74.46 74.21 74.17 74.14 74.11 74.08 74.05 74.12 74.06 73.97 73.84 73.89 74.04 73.9 73.84 73.72
79.37 79.5 79.48 79.24 79.22 79.1 79.15 79.15 79.05 79.1 79.01 78.73 78.75 78.65 78.34 74.18 73.75 73.73 73.74 77.28 77.23 77.25 77.21 77.19 77.21 77.24 77.29 77.27 77.23 77.23 77.06 76.98 76.95 76.79 76.75 76.71 76.67 76.54 76.41 76.32 76.34 75.44 75.31 75.04 74.88 74.74 74.63 74.5 74.33 74.28 74.35 74.43 74.51 74.6 74.52 74.45 74.46 74.41 74.3 74.28 74.59 74.32 74.3 74.32 74.19 74.16 74.13 74.1 74.1 74.18 74.09 73.93 73.74 73.82 73.89 74.02 73.81 73.68
79.32 79.38 79.5 79.27 79.23 79.08 79.14 79.13 79.06 79.12 78.89 78.7 78.77 78.71 78.27 73.72 73.77 73.75 73.73 76.94 77.17 77.25 77.31 77.21 77.22 77.18 77.31 77.25 77.19 77.28 77.25 77.14 77.03 76.97 76.78 76.76 76.64 76.51 76.32 76.21 76.28 75.3 75.24 75.05 74.85 74.75 74.61 74.51 74.37 74.34 74.5 74.69 74.63 74.63 74.59 74.48 74.39 74.36 74.25 74.12 74.2 74.25 74.28 74.28 74.27 74.18 74.14 74.11 74.19 74.15 74.16 73.93 73.82 73.7 73.75 73.91 73.8 73.67
79.36 79.41 79.4 79.29 79.19 79.09 79.2 79.05 79.11 79.15 79.03 78.7 78.75 78.59 77.57 73.74 73.72 73.76 76.07 77 77.23 77.19 77.24 77.23 77.28 77.15 77.33 77.21 77.17 77.26 77.21 77.15 77.12 77.07 77 76.86 76.69 76.4 76.07 76.07 76.22 75.25 75.17 75 74.86 74.78 74.64 74.52 74.4 74.41 74.68 74.67 74.78 74.74 74.89 74.61 74.56 74.62 74.4 74.24 74.22 74.24 74.26 74.24 74.26 74.21 74.16 74.17 74.17 74.17 74.18 74.03 73.76 73.59 73.62 73.69 73.84 73.65
79.37 79.39 79.36 79.04 79.18 79.02 79.17 79.06 79.07 78.95 78.97 78.68 78.74 78.59 77.6 73.75 73.75 73.77 76.93 77.25 77.24 77.17 77.13 77.21 77.23 77.19 77.24 77.12 77.11 77.24 77.16 77.21 77.18 73.38 74.05 74.8 75.53 76.1 76.04 75.99 76.13 75.2 75.17 75.09 74.92 74.84 74.68 74.53 74.45 74.5 74.7 74.69 74.85 74.85 74.84 74.84 74.6 74.59 74.51 74.36 74.29 74.25 74.25 74.21 74.19 74.33 74.18 74.18 74.19 74.19 74.19 74.17 73.65 73.59 73.54 73.57 73.72 73.67
79.34 79.2 79.14 79.85 79.07 79.03 79.14 79.04 79.08 78.96 78.91 78.66 78.72 78.33 76.87 73.74 73.74 73.74 77.07 77.33 77.23 77.31 77.17 77.24 77.19 77.22 77.21 77.1 77.07 77.21 77.13 77.2 77.21 75.06 74.28 74.89 75.62 76.11 76.03 75.97 76.03 75.23 75.26 74.91 74.93 74.77 74.67 74.55 74.51 74.62 74.68 74.81 74.81 74.8 74.8 74.79 74.71 74.61 74.61 74.48 74.41 74.35 74.3 74.27 74.22 74.2 74.23 74.21 74.24 74.12 74.25 74 73.83 73.54 73.41 73.53 73.58 73.66
79.2 79.24 79.22 79.07 79.25 79 79.16 78.99 79.04 78.93 78.79 78.62 78.69 78.33 74.97 73.74 73.76 73.74 76.73 77.26 77.12 77.21 77.23 77.27 77.22 77.14 77.12 77.04 77.16 77.2 77.1 77.13 77.09 75.89 75.09 75.12 75.6 76.16 75.97 75.93 75.81 75.2 75.22 74.95 74.96 74.88 74.68 74.54 74.61 74.61 74.78 74.77 74.77 74.76 74.76 74.75 74.75 74.64 74.6 74.52 74.39 74.36 74.29 74.27 74.19 74.18 74.18 74.2 74.25 74.11 73.99 73.89 73.74 73.46 73.42 73.37 73.43 73.56
79.22 79.12 79.07 79.08 78.9 78.89 79 78.95 79.06 78.78 78.68 78.66 78.63 78.35 73.77 73.63 73.7 73.1 76.75 77.31 76.84 76.92 76.86 77.05 77.1 77.17 77.11 76.99 77.16 77.15 77.16 77.13 77.12 76.19 75.65 75.36 75.74 76.1 75.83 75.83 75.33 75.16 75.11 74.97 74.96 74.95 74.69 74.61 74.6 74.62 74.73 74.73 74.74 74.75 74.7 74.71 74.7 74.7 74.63 74.53 74.48 74.38 74.31 74.25 74.18 74.22 74.13 74.16 74.04 73.91 73.78 73.65 73.6 73.55 73.33 73.27 73.34 73.35
79.39 79.24 79 79 78.9 78.63 78.77 78.86 78.86 78.71 78.52 78.54 78.49 78.19 73.56 73.68 73.65 73.59 77.33 77.1 76.84 76.83 76.85 76.9 76.95 77.08 77.09 76.96 77.05 76.93 77.09 77.16 77.19 76.71 76.22 75.72 76.01 76 75.75 75.81 75.32 75.25 75.13 74.95 74.87 74.83 74.69 74.61 74.8 74.61 74.68 74.68 74.69 74.7 74.7 74.71 74.67 74.64 74.61 74.51 74.43 74.39 74.3 74.22 74.22 74.12 74.06 74.05 73.91 73.75 73.64 73.55 73.46 73.45 73.29 73.26 73.19 73.26
79.39 79.17 79.04 78.85 78.86 78.7 78.91 78.97 78.95 78.66 78.48 78.38 78.46 78.1 73.57 74.32 75.57 74.83 77.6 77.1 76.91 76.89 76.9 76.94 77 77.01 77 76.95 76.88 76.81 76.89 77.08 77.13 76.89 76.55 76.18 76.11 75.93 75.79 75.8 75.41 75.26 75.02 75 74.96 74.84 74.57 74.62 74.68 74.61 74.62 74.63 74.64 74.65 74.65 74.66 74.67 74.67 74.6 74.52 74.44 74.38 74.27 74.2 74.11 74.1 74.04 73.91 73.73 73.61 73.54 73.46 73.43 73.46 73.13 73.16 73.11 73.19
79.59 79.16 79.34 79.15 78.76 79.13 78.94 78.9 78.92 78.95 78.99 78.52 78.37 77.01 73.61 74.94 76.8 77.24 77.33 77.19 77.14 77.03 76.99 77.05 77.1 77.08 77.11 76.96 76.91 76.91 76.98 77.15 77.15 77.13 77.19 76.85 76.06 75.88 75.77 75.83 75.38 75.19 75.03 74.91 75.13 74.74 74.68 74.7 74.53 74.61 74.57 74.58 74.59 74.59 74.6 74.6 74.61 74.61 74.55 74.42 74.39 74.34 74.25 74.19 74.14 74.04 73.91 73.77 73.62 73.5 73.38 73.43 73.41 73.39 73.41 73.13 73.05 73.06
79.65 79.47 79.31 78.97 78.85 78.89 78.91 78.85 78.81 78.98 78.99 78.9 78.75 78.2 76.97 76.49 77.84 76.87 77.33 77.24 77.18 76.97 77.03 77.1 77.2 77.17 77.15 77.16 76.94 76.98 76.97 77.18 77.21 77.18 77.18 77.24 77.17 76.04 75.86 75.91 75.3 75.08 74.97 74.87 74.76 74.78 74.56 74.33 74.4 74.45 74.57 74.53 74.54 74.54 74.55 74.55 74.56 74.56 74.49 74.43 74.36 74.32 74.2 74.15 74.07 73.99 73.83 73.63 73.52 73.45 73.53 73.48 73.4 73.24 73.23 72.82 73.02 72.97
79.66 79.62 79.3 78.98 78.96 78.9 78.93 79.05 78.88 78.9 78.9 78.96 78.31 78.25 77.67 76.81 77.86 77.86 77.35 77.26 77.2 77.11 77.07 77.05 77.11 77.21 77.23 77.21 77.28 77.2 77.19 77.21 77.32 77.29 77.26 77.27 76.18 75.93 75.88 75.93 75.2 75.02 74.97 74.95 74.69 74.62 74.44 74.3 74.38 74.46 74.65 74.64 74.65 74.63 74.61 74.59 74.56 74.53 74.46 74.38 74.32 74.53 74.16 74.1 74.07 73.97 73.79 73.45 73.57 73.45 73.47 73.42 73.37 73.31 73.26 73.04 73 72.92
79.7 79.57 79.23 79.04 78.9 78.84 78.92 78.89 78.93 79 78.91 78.9 78.38 78.14 78.06 77.87 77.8 77.76 77.48 77.26 77.22 77.14 77.12 77.11 77.17 77.25 77.14 77.22 77.33 77.16 77.13 77.18 77.2 77.27 77.29 77.21 76.16 75.96 75.97 75.97 75.15 75.06 74.98 74.9 74.74 74.58 74.36 74.3 74.39 74.47 74.61 74.54 74.58 74.61 74.6 74.58 74.56 74.5 74.43 74.36 74.27 74.36 74.13 74.1 74.05 73.94 73.81 73.56 73.56 73.47 73.41 73.36 73.31 73.27 73.21 73.33 72.77 72.9
79.73 79.61 79.18 79.01 79 79.04 79.02 78.8 78.91 78.84 79.03 79.02 78.48 78.17 78.04 77.97 77.72 77.71 77.47 77.32 77.21 77.19 77.11 77.18 77.2 77.16 77.17 77.19 77.26 77.19 77.19 77.25 77.3 77.3 77.25 77.27 76.21 76 75.98 75.3 75.12 75.06 74.96 75.06 74.83 74.58 74.33 74.3 74.43 74.5 74.53 74.52 74.54 74.58 74.59 74.57 74.55 74.48 74.41 74.33 74.24 74.42 74.08 73.98 73.97 73.9 73.79 73.53 73.56 73.41 73.36 73.32 73.31 73.43 73.29 73.26 73.24 72.88
79.53 79.49 79.24 79.01 79.08 79.06 78.98 78.81 78.88 78.91 78.9 79.43 78.77 78.58 78.01 77.9 77.79 77.59 77.5 77.3 77.14 77.11 77.05 77.18 77.17 77.15 77.2 77.17 77.21 77.2 77.21 77.27 77.26 77.27 77.27 77.23 76.19 76.02 76.06 75.32 75.26 75.06 75.05 75.1 74.79 74.7 74.4 74.39 74.46 74.47 74.52 74.55 74.53 74.53 74.52 74.52 74.53 74.46 74.39 74.28 74.28 74.02 74.05 74.01 73.96 73.94 73.8 73.59 73.35 73.39 73.48 73.4 73.24 73.22 73.31 73.4 73.33 73.04
79.5 79.34 79.2 79.09 78.94 78.98 78.85 79.04 79.08 79.99 81.19 81.59 81.02 80.19 78.94 78.32 77.69 77.73 77.38 77.37 77.21 77.07 77.03 77.02 77 77 77.06 77.08 77.19 77.21 77.24 77.23 77.22 77.23 77.25 77.27 76.17 76.07 76.03 75.16 75.44 75 74.95 74.8 74.73 74.69 74.43 74.45 74.49 74.64 74.65 74.56 74.52 74.54 74.53 74.5 74.52 74.47 74.36 74.26 74.22 73.96 73.95 73.93 73.91 73.9 73.83 73.56 73.34 73.38 73.19 73.18 73.23 73.16 73.15 73.15 73.1 73.14
79.38 79.31 79.25 79.26 79.15 79.03 78.83 79.14 79.69 81.52 83.22 83.36 83.29 82.46 81.25 79.91 78.81 77.96 77.42 77.2 77.07 77.02 77.06 77.06 76.95 77.02 76.97 77.01 77.07 77.06 77.04 77.01 77.05 75.93 76.96 76.87 76.19 75.99 75.95 75.15 75.4 75.03 75 74.94 74.9 74.56 74.49 74.48 74.51 74.61 74.59 74.58 74.57 74.57 74.56 74.55 74.55 74.45 74.33 74.2 74.13 73.84 73.91 73.9 73.86 73.85 73.77 73.54 73.33 73.16 73.14 73.14 73.14 73.14 73.08 73.01 72.92 72.9
79.76 79.32 79.17 79.15 79.09 78.88 79 79.26 80.79 82.89 83.76 83.87 83.92 83.82 83.39 82.11 80.88 79.21 77.39 77.36 77.02 76.93 77 76.72 76.58 77.06 77.11 77.07 77.05 77.04 77.1 77 77.03 75.85 75.85 75.86 75.93 75.79 75.83 75.15 75.1 75.21 75.22 75.65 74.95 74.66 74.58 74.55 74.56 74.66 74.65 74.63 74.6 74.59 74.58 74.56 74.54 74.39 74.24 74.16 74.17 73.86 73.84 73.82 73.81 73.79 73.66 73.5 73.31 73.13 73.12 73.12 73.08 72.98 72.91 72.84 72.84 72.82
80.15 79.98 79.39 79.06 78.95 78.96 79.11 79.55 81.92 83.56 84.18 84.53 84.38 84.08 83.99 83.77 82.84 81.09 78.44 77.27 76.96 76.98 76.71 76.6 76.51 76.4 76.37 76.28 76.3 76.46 76.82 77.01 76.12 76.21 75.86 75.84 75.85 75.78 75.78 75.27 75.1 75.12 75.11 75.12 75.02 74.84 74.8 74.67 74.61 74.59 74.63 74.61 74.59 74.56 74.54 74.51 74.45 74.29 74.16 74.06 73.99 73.74 73.72 73.71 73.72 73.71 73.57 73.44 73.42 73.02 73.07 72.97 72.87 72.79 72.77 72.77 72.77 72.75
80.13 79.99 79.91 79.65 78.99 78.92 78.97 79.21 80.47 82.1 84.45 84.72 84.69 84.56 84.24 83.85 83.63 82.7 79.36 77.19 76.87 76.88 76.57 76.42 76.31 76.27 76.29 76.27 76.27 76.21 76.15 76.18 76.02 76.09 75.96 75.85 75.83 75.73 75.63 75.35 75.23 75.41 75.23 75.16 75.15 74.86 74.86 74.74 74.83 74.73 74.58 74.59 74.57 74.55 74.52 74.57 74.43 74.2 74.08 74.08 73.68 73.7 73.64 73.64 73.63 73.63 73.52 73.4 73.29 73.04 72.98 72.77 72.71 72.71 72.71 72.71 72.7 72.68
80.12 80.1 79.85 79.73 79.44 79.19 78.95 78.74 78.67 78.36 77.96 84.02 84.73 84.8 84.64 84.14 83.56 82.36 79.15 77.1 76.86 76.74 76.51 76.36 76.25 76.25 76.24 76.17 76.13 76.23 76.2 76.11 76.06 75.97 75.89 75.8 75.66 75.54 75.46 75.39 75.31 75.22 75.13 75.07 74.98 74.94 74.92 74.77 74.68 74.7 74.66 74.58 74.55 74.55 74.64 74.61 74.37 74.09 73.93 74.06 73.64 73.65 73.62 73.6 73.57 73.51 73.44 73.29 73.19 73.04 72.93 72.67 72.65 72.64 72.64 72.64 72.64 72.59
79.99 79.88 79.77 79.69 79.47 79.33 79.16 78.93 78.61 78.41 78.2 78.09 78.19 84.36 84.54 83.84 83.43 81.2 78.3 77.06 76.82 76.71 76.46 76.36 76.27 76.16 76.2 76.28 76.15 76.1 76.05 76 75.94 75.81 75.67 75.52 75.38 75.37 75.36 75.28 75.15 74.97 74.98 74.96 74.87 74.81 74.71 74.62 74.65 74.61 74.56 74.49 74.45 74.37 74.65 74.28 74.25 73.94 73.81 73.76 73.52 73.62 73.61 73.52 73.48 73.43 73.29 73.16 73.04 72.88 72.7 72.59 72.67 72.63 72.58 72.58 72.59 72.42
