Dane przykładowe/DEM/NMT4.asc
ncols         438
nrows         475
xllcenter     359780
yllcenter     507585
cellsize      5
nodata_value  -9999
[rows 170 to 203 of 475, columns 0 to 77 of 438]
-9999 -9999 -9999 -9999 -9999 -9999 -9999 -9999 89.96 89.98 89.84 89.87 90.08 89.85 89.76 89.62 89.68 89.5 90.47 89.55 89.54 89.83 89.51 89.47 89.45 89.54 89.41 89.34 89.32 89.23 89.2 89.24 89.29 89.71 89.54 89.41 89.33 89.34 89.38 89.47 89.41 89.48 89.54 89.53 89.49 89.65 89.76 89.81 89.87 89.85 89.8 89.64 89.81 90.05 90.17 90.13 90.12 90.11 90.11 90.11 90.13 90.17 90.23 90.29 90.26 90.21 90.16 90.12 90.14 90.09 90.07 90.01 89.99 90 89.98 90.05 90.06 90.04
-9999 -9999 -9999 -9999 -9999 -9999 -9999 -9999 89.87 89.96 89.98 89.85 89.79 89.73 89.68 89.56 89.56 89.58 89.8 89.67 89.49 89.5 89.46 89.42 89.49 89.5 89.56 89.52 89.37 89.24 89.25 89.23 89.42 89.53 89.57 89.41 89.37 89.26 89.51 89.55 89.66 89.61 89.48 89.53 89.55 89.58 89.58 89.78 89.73 89.76 89.76 89.69 89.94 90.09 90.12 90.14 90.1 90.12 90.12 90.11 90.13 90.2 90.32 90.3 90.26 90.21 90.17 90.12 90.12 90.13 90.09 90.07 90 90 89.97 90.06 90.03 90.03
-9999 -9999 -9999 -9999 -9999 -9999 -9999 -9999 89.87 89.92 89.94 90.04 89.99 89.83 89.64 89.51 89.56 89.6 89.5 89.47 89.47 89.42 89.4 89.54 89.52 89.53 89.56 89.52 89.48 89.41 89.35 89.46 89.41 89.34 89.26 89.45 89.24 89.16 89.53 89.62 89.63 89.65 89.74 89.69 89.52 89.59 89.61 89.61 89.59 89.62 89.76 89.84 89.97 90.02 90.09 90.14 90.1 90.12 90.09 90.1 90.18 90.23 90.28 90.26 90.25 90.24 90.17 90.12 90.1 90.23 90.13 90.08 90.02 90.05 89.97 90.02 90.02 90.03
-9999 -9999 -9999 -9999 -9999 -9999 -9999 -9999 89.79 89.86 90 90.01 90.12 89.88 89.61 89.64 89.65 89.58 89.41 89.41 89.56 89.37 89.4 89.47 89.5 89.38 89.45 89.38 89.42 89.45 89.31 89.41 89.52 89.3 89.32 89.33 89.2 89.26 89.37 89.55 89.64 89.6 89.66 89.67 89.82 89.71 89.57 89.59 89.67 89.69 89.64 89.7 89.82 89.86 89.93 90 90.1 90.06 90.16 90.1 90.16 90.31 90.21 90.23 90.21 90.2 90.18 90.19 90.09 90.29 90.16 90.07 90.1 90.09 89.97 90.03 90.02 89.99
-9999 -9999 -9999 -9999 -9999 -9999 -9999 -9999 89.72 89.84 89.95 89.83 89.82 89.84 89.58 89.66 89.66 89.66 89.74 89.7 89.66 89.5 89.6 89.36 89.38 89.39 89.39 89.45 89.4 89.1 89.52 89.52 89.49 89.56 89.32 89.26 89.14 89.35 89.39 89.32 89.33 89.19 89.17 89.64 89.73 89.75 89.75 89.64 89.6 89.63 89.69 89.68 89.68 89.75 89.78 89.8 89.91 89.95 90.04 90.07 90.22 90.21 90.25 90.19 90.18 90.16 90.15 90.13 90.12 90.1 90.15 90.16 90.11 90.05 89.95 90.03 89.97 89.94
-9999 -9999 -9999 -9999 -9999 -9999 -9999 -9999 89.58 89.57 89.65 89.58 89.44 89.73 89.55 89.64 89.69 89.83 89.78 89.72 89.55 89.59 89.54 89.44 89.4 89.34 89.34 89.35 89.64 89.74 89.68 89.62 89.69 89.76 89.52 89.22 89.11 89.15 89.08 89.06 89.12 89.11 89.09 89.08 89.6 89.82 89.82 89.77 89.71 89.67 89.62 89.64 89.7 89.74 89.73 89.71 89.82 89.86 89.97 89.98 90.09 90.09 90.2 90.16 90.14 90.16 90.11 90.13 90.12 90.11 90.12 90.06 90.11 90.1 89.97 90.01 89.96 89.98
-9999 -9999 -9999 -9999 -9999 -9999 -9999 -9999 89.49 89.86 89.65 89.56 89.46 89.66 89.52 89.66 89.73 89.91 89.84 89.7 89.62 89.56 89.59 89.39 89.42 89.39 89.39 89.37 89.34 89.27 89.31 89.38 89.49 89.86 89.63 89.1 89.05 89.1 89.02 88.83 88.96 88.84 88.99 88.97 88.99 89.25 89.8 89.86 89.84 89.84 89.87 89.84 89.63 89.68 89.74 89.76 89.72 89.74 89.8 89.85 89.95 90.02 90.03 90.09 90.11 90.12 90.13 90.1 90.1 90.15 90.13 90.1 90.06 90.15 90.08 89.99 90.01 90
-9999 -9999 -9999 -9999 -9999 -9999 -9999 -9999 89.56 90.08 89.59 89.55 89.43 89.65 89.46 89.31 89.53 89.62 89.79 89.76 89.62 89.58 89.66 89.47 89.51 89.47 89.4 89.14 89.12 89.18 89.19 89.29 89.15 89.14 89.07 89.12 89.06 89.12 89.1 89 88.96 88.93 89.05 89.07 88.97 88.89 88.85 89.23 87.74 89.88 89.83 89.8 89.9 89.9 89.77 89.73 89.75 89.8 89.76 89.74 89.89 89.92 89.98 90.02 90 89.99 90.1 90.15 90.17 90.14 90.19 90.12 90.09 90.01 90.05 90.15 90.07 90.1
-9999 -9999 -9999 -9999 -9999 -9999 -9999 -9999 89.63 89.49 89.5 89.41 89.61 89.51 89.53 89.55 89.49 89.39 89.43 89.38 89.44 89.45 89.53 89.41 89.45 89.5 89.38 89.23 89.18 89.21 89.25 89.29 89.31 89.17 89.04 89.03 89.08 89.14 89.13 89.09 88.97 88.92 88.86 88.86 88.89 88.93 89.03 88.73 88.68 89.85 89.95 89.72 89.89 89.85 89.95 89.82 89.67 89.74 89.79 89.82 89.81 89.71 89.81 89.94 90.04 90.02 89.98 90.01 90.16 90.18 90.17 90.12 90.07 90 89.9 89.96 89.99 90.02
-9999 -9999 -9999 -9999 -9999 -9999 -9999 -9999 89.49 89.47 89.71 89.84 89.76 89.46 89.61 89.63 89.47 89.43 89.43 89.41 89.44 89.39 89.52 89.45 89.47 89.57 89.51 89.27 89.21 89.27 89.33 89.39 89.28 89.17 88.98 89.01 89.11 89.1 89.13 89.1 89.02 89.01 88.9 88.86 88.98 89.07 88.88 89.04 89.02 89.05 88.95 89.07 89.17 89.77 89.9 89.82 89.55 89.64 89.68 89.73 89.8 89.84 89.82 89.8 89.9 89.98 90.06 90.04 90.09 90.11 90.18 90.16 90.09 89.96 89.89 89.83 89.91 89.98
-9999 -9999 -9999 -9999 -9999 -9999 -9999 -9999 89.43 89.62 89.76 89.77 89.68 89.45 89.39 89.43 89.47 89.43 89.42 89.44 89.46 89.42 89.56 89.51 89.56 89.68 89.81 89.28 89.25 89.2 89.27 89.26 89.24 89.12 89 89.02 89.01 89.07 89.1 89.11 89.09 89.03 89.01 88.84 88.75 89.06 88.85 88.91 88.95 89.01 89.02 89.07 89.16 89.17 89.31 89.74 89.51 89.59 89.78 90.05 89.92 89.77 89.84 89.87 89.88 89.85 89.94 89.95 90.11 90.1 90.11 90.08 89.95 89.9 89.85 89.84 89.91 89.98
-9999 -9999 -9999 -9999 -9999 -9999 -9999 -9999 89.19 89.48 89.64 89.62 89.67 89.42 89.41 89.32 89.36 89.36 89.38 89.34 89.43 89.58 89.47 89.69 89.39 89.38 89.89 89.31 89.44 89.31 89.28 89.13 89 89.03 88.99 88.95 88.89 88.93 89.03 89.05 89.04 88.98 88.84 88.91 88.91 88.96 88.88 88.92 89 89.12 89.09 88.81 89.23 89.66 89.39 89.39 89.43 89.91 89.92 89.96 90.14 89.92 90 89.84 89.86 89.93 89.92 89.87 89.94 89.99 90.1 90.06 89.95 89.82 89.93 89.94 89.95 90.21
-9999 -9999 -9999 -9999 -9999 -9999 -9999 -9999 89.19 89.21 89.38 89.36 89.54 89.38 89.45 89.37 89.39 89.56 89.46 89.48 89.55 89.51 89.52 89.36 89.38 89.37 89.3 89.27 89.27 89.27 89.37 89.49 89.19 89.03 88.98 88.95 87.98 88.82 88.76 88.8 88.81 88.98 88.89 88.89 88.86 88.9 88.87 88.8 89 89.1 89.13 89.26 89.22 89.37 89.42 89.36 89.47 89.68 89.77 89.88 90.02 90.03 90.17 89.93 89.9 89.86 89.94 89.94 89.9 89.86 89.97 89.95 90.03 90.05 90.02 90 90.01 90.11
-9999 -9999 -9999 -9999 -9999 -9999 -9999 -9999 89.36 89.45 89.36 89.41 89.45 89.38 89.44 89.45 89.49 89.58 89.58 89.54 89.58 89.44 89.47 89.51 89.58 89.52 89.31 89.29 89.27 89.42 89.4 89.31 89.18 88.95 89.06 88.93 88.68 88.36 88.75 88.8 88.86 88.87 88.9 88.83 88.84 88.82 88.79 88.86 88.94 89.01 89.15 89.26 89.38 89.53 89.49 89.32 89.43 89.08 89.5 89.35 89.31 89.93 90.02 90.04 90.03 90.04 90.05 89.88 89.89 89.94 89.89 89.84 89.89 89.92 89.98 89.97 89.94 89.96
-9999 -9999 -9999 -9999 -9999 -9999 -9999 -9999 90.01 89.86 89.56 89.5 89.43 89.46 88.69 89.17 89.55 89.52 89.58 89.57 89.65 89.46 89.5 89.46 89.56 89.41 89.41 89.36 89.27 89.32 89.39 89.5 89.07 88.97 88.95 88.84 88.46 88.15 88.77 88.87 88.88 88.84 88.8 88.83 88.89 89.24 88.79 88.75 88.94 89.03 88.92 89.19 89.39 89.31 89.3 89.27 89.46 89.64 89.46 89.23 89.42 89.99 90.04 89.99 90.07 90.07 90.12 90.13 90.09 89.84 89.87 89.91 89.87 89.81 89.8 89.83 89.88 89.88
-9999 -9999 -9999 -9999 -9999 -9999 -9999 -9999 89.47 89.77 89.95 89.57 89.4 89.42 89.4 89.51 89.63 89.58 89.56 89.68 89.53 89.48 89.54 89.55 89.55 89.35 89.25 89.24 88.52 89.06 89.29 89.15 89.02 88.95 88.91 88.99 88.93 88.68 88.71 88.77 88.72 88.74 88.71 88.77 88.82 88.9 89.07 88.86 88.93 89.08 88.75 88.89 89.38 89.23 89.21 89.34 89.57 89.49 89.64 89.72 90.02 90.06 90.03 90.01 90.09 90.12 90.11 90.13 90.2 90.12 90.06 89.81 89.85 89.85 89.79 89.73 89.67 89.73
-9999 -9999 -9999 -9999 -9999 -9999 -9999 -9999 89.39 89.56 89.69 89.66 89.4 89.15 88.61 89.2 89.18 89.45 89.42 89.39 89.62 89.58 89.58 89.55 89.53 89.42 89.24 89.25 88.49 88.54 89.15 89.14 88.89 88.85 88.96 89.03 88.96 88.88 88.9 88.88 88.76 88.67 88.69 88.78 88.84 88.85 88.99 88.95 88.9 89.1 88.52 88.87 89.41 89.23 89.22 89.33 89.41 89.52 89.47 89.66 89.81 89.8 89.87 89.97 90.06 90.07 90.22 90.2 90.23 90.18 90.17 90.1 90.01 89.74 89.76 89.84 89.69 89.65
-9999 -9999 -9999 -9999 -9999 -9999 -9999 -9999 89.5 89.36 89.41 89.48 89.34 89.07 88.65 88.89 89.26 89.52 89.45 89.42 89.59 89.64 89.58 89.52 89.44 89.35 89.41 89.21 89.4 89.2 89.2 89.23 88.89 88.86 88.98 89.07 88.95 88.9 88.9 88.82 88.84 88.89 88.92 88.73 88.66 88.79 88.92 88.97 88.96 89.02 89.15 89.25 89.27 89.17 89.2 89.37 89.38 89.44 89.47 89.58 89.69 89.71 89.82 89.93 90.13 90.09 90.1 90.23 90.22 90.29 90.21 90.15 90.15 90.06 89.84 89.66 89.66 89.61
-9999 -9999 -9999 -9999 -9999 -9999 -9999 -9999 89.68 89.64 89.56 89.41 89.39 89.53 89.56 89.42 89.09 89.54 89.49 89.61 89.58 89.64 89.6 89.58 89.5 89.6 89.55 89.55 89.37 89.36 89.19 89.18 88.84 88.89 89.02 89.06 88.94 88.93 88.91 88.84 88.84 88.86 88.93 88.61 88.64 88.68 88.83 88.92 88.12 89.11 89.21 89.1 89.17 89.1 89.34 89.32 89.52 89.36 89.56 89.48 89.42 89.6 89.78 89.85 90.09 90.14 90.03 90.24 90.27 90.4 90.35 90.28 90.22 90.09 90.04 89.98 89.62 89.51
-9999 -9999 -9999 -9999 -9999 -9999 -9999 -9999 89.63 89.75 89.69 89.38 89.39 89.36 89.46 89.56 89.51 89.46 89.52 89.53 89.51 89.48 89.49 89.48 89.47 89.5 89.4 89.55 89.52 89.37 89.51 88.99 88.82 88.87 88.9 88.99 88.93 88.97 88.89 88.87 88.84 88.89 88.79 88.72 88.63 88.66 88.76 88.8 89 88.97 89.14 89.14 89.2 89.11 89.29 89.3 88.62 89.04 89.63 89.65 89.54 89.58 89.61 89.78 90.04 89.99 90.03 90.14 90.28 90.4 90.37 90.34 90.29 90.18 90.27 90.01 89.86 89.95
-9999 -9999 -9999 -9999 -9999 -9999 -9999 -9999 89.52 89.66 89.51 89.41 89.57 89.64 89.41 89.37 89.37 89.52 89.56 89.45 89.47 89.43 89.39 89.37 89.37 89.33 89.29 89.09 89.41 89.49 89.43 88.8 88.75 88.9 88.88 88.84 88.73 88.82 88.68 88.84 88.93 88.9 88.68 88.59 88.61 88.66 88.8 88.91 89.03 88.86 88.3 88.66 89.02 89.11 89.2 89.25 89.36 89.5 89.45 89.5 89.49 89.51 89.58 89.75 90.24 90.07 89.96 90.11 90.41 90.5 90.44 90.39 90.37 90.32 90.33 90.23 90.23 89.88
-9999 -9999 -9999 -9999 -9999 -9999 -9999 -9999 89.6 89.66 89.52 89.34 89.39 89.56 89.43 89.4 89.36 89.49 89.32 89.44 89.37 89.44 89.27 89.35 89.51 89.21 89.14 89.07 89.18 89.22 89.32 88.79 88.89 88.85 88.98 88.96 88.8 88.8 88.79 88.66 88.64 88.65 88.71 88.64 88.62 88.7 88.74 88.84 88.82 88.86 88.96 89.05 89.02 89.15 89.21 89.21 89.32 89.36 89.41 89.39 89.33 89.37 89.47 89.61 89.99 89.85 89.9 90.11 90.37 90.64 90.4 90.35 90.41 90.35 90.25 90.15 90.26 90.28
-9999 -9999 -9999 -9999 -9999 -9999 -9999 -9999 89.51 89.39 89.49 89.27 89.5 89.47 89.44 89.47 89.37 89.37 89.3 89.28 89.32 89.34 89.24 89.39 89.34 89.44 89.21 89.17 89.18 88.87 88.79 88.78 88.88 88.83 88.87 89 88.85 88.73 88.66 88.71 89.03 88.72 88.54 88.56 88.61 88.72 88.75 88.83 88.73 88.84 88.85 88.94 89.01 89.14 89.18 89.08 89.29 89.34 89.35 89.37 89.42 89.64 89.46 89.67 89.64 89.99 89.87 89.95 90.15 90.29 90.37 90.33 90.33 90.28 90.2 90.24 90.22 90.56
-9999 -9999 -9999 -9999 -9999 -9999 -9999 89.46 89.55 89.5 89.37 89.28 89.4 89.31 89.33 89.43 89.39 89.31 89.2 89.21 89.37 89.24 89.16 89.32 89.24 89.48 89.29 89.1 89.44 89.04 88.76 88.75 88.89 88.88 88.9 88.86 88.75 88.69 88.63 88.61 88.62 88.57 88.43 88.54 88.49 88.58 88.68 88.84 88.41 87.91 88.83 88.89 89 89.05 88.88 88.46 89.1 89.36 89.35 89.34 89.44 89.54 89.57 89.63 89.65 89.69 89.65 89.99 90.42 90.43 90.58 90.49 90.45 90.18 90.09 90.41 90.5 90.52
-9999 -9999 -9999 -9999 -9999 -9999 -9999 89.4 89.54 89.47 89.26 89.29 89.47 89.46 89.38 89.43 89.22 89.19 89.17 89.22 89.32 89.24 89.9 89.19 89.08 89.13 89.26 89.09 89.03 88.98 88.68 88.78 88.76 88.77 88.77 88.84 88.54 88.62 88.68 88.7 88.53 88.47 88.35 88.36 88.42 88.46 88.69 88.84 88.84 88.77 88.74 88.88 89.07 89.07 89.04 89.1 89.18 89.37 89.42 89.45 89.54 89.57 89.61 89.54 89.52 89.78 89.79 90.42 90.36 90.41 90.37 90.51 90.23 90.12 90.21 90.41 90.52 90.52
-9999 -9999 -9999 -9999 -9999 -9999 -9999 89.23 89.6 89.38 89.21 89.23 89.51 89.41 89.4 89.48 89.2 89.18 89.15 89.16 89.48 89.08 89.27 89.48 89.39 89.02 89.02 89.02 88.95 88.99 88.7 88.73 88.64 88.18 88.72 88.71 88.56 88.52 88.4 88.38 88.41 88.53 88.44 88.39 88.37 88.52 88.49 88.56 88.84 88.85 88.77 88.86 89.09 89.21 89.05 89.1 89.04 89.35 89.52 89.46 89.5 89.61 89.83 89.57 89.46 89.5 89.56 89.93 90.3 90.48 90.29 90.5 90.08 90.07 90.25 90.36 90.18 90.45
-9999 -9999 -9999 -9999 -9999 -9999 -9999 89.38 89.29 89.26 89.2 89.33 89.33 89.37 89.39 89.27 89.07 89.16 89.13 89.12 89.2 88.97 88.94 88.91 89.19 88.97 89.05 88.89 88.97 88.73 88.64 88.75 88.28 88.39 88.66 88.66 88.53 88.56 88.67 88.38 88.49 88.57 88.52 88.48 88.56 88.5 88.49 88.45 88.52 88.71 88.78 88.83 89.11 88.94 88.71 88.96 89.23 89.15 89.17 89.33 89.44 89.47 89.63 89.46 89.44 89.52 89.58 89.71 89.63 90.21 90.27 90.61 89.97 90.19 90.37 89.77 90.19 90.11
-9999 -9999 -9999 -9999 -9999 -9999 -9999 89.15 89.36 89.29 89.12 89.18 89.29 89.43 89.45 89.39 89.18 89.27 89.17 89.26 89.37 89.01 88.92 88.9 88.93 88.8 88.94 88.89 88.84 88.61 88.58 88.69 88.6 88.63 88.56 88.7 88.46 88.26 88.54 88.28 88.27 88.33 88.44 88.52 88.43 88.49 88.46 88.46 88.42 88.78 88.71 88.78 88.85 88.98 88.37 88.84 89.13 89.21 89.29 89.32 89.34 89.36 89.4 89.51 89.45 89.55 89.65 89.77 89.65 89.72 89.78 89.91 89.83 90.14 90.23 90.1 90.33 90.58
-9999 -9999 -9999 -9999 -9999 -9999 -9999 89.35 89.42 89.14 89.04 89.21 89.52 89.39 89.38 89.33 89.28 89.16 89.15 89.34 89.58 89.48 88.96 88.91 88.85 88.9 88.88 88.82 89.09 88.57 88.71 88.7 88.68 88.74 88.62 88.55 88.45 88.43 88.31 88.3 88.27 88.3 88.25 88.33 88.38 88.39 88.5 88.44 88.43 88.61 88.73 88.79 88.8 88.82 88.4 87.94 89.18 89.17 89.23 89.2 89.49 89.39 89.42 89.37 89.45 89.56 89.65 89.57 89.34 89.82 89.85 89.81 89.91 90.13 90.18 90.2 90.21 90.24
-9999 -9999 -9999 -9999 -9999 -9999 -9999 89.17 89.25 89.08 89.08 89.23 89.45 89.34 89.31 89.2 89.18 89.06 89.06 89.16 88.89 88.93 88.97 89.17 89.11 88.61 88.32 87.68 88.82 88.57 88.63 88.58 88.68 88.58 88.81 88.59 88.48 88.45 88.35 88.34 88.24 88.24 88.34 88.16 88.21 88.24 88.29 88.46 88.51 88.59 88.71 88.74 88.37 88 88.86 88.89 88.94 89.11 89.13 89.19 89.45 89.36 89.39 89.36 89.36 89.38 89.61 89.2 89.09 89.77 89.8 89.76 90.17 90.04 90.15 90.1 90.1 90.16
-9999 -9999 -9999 -9999 -9999 -9999 -9999 89.07 89.11 89.02 89.07 89.24 89.23 89.26 89.24 89.24 89.07 89.06 88.99 89.16 88.93 88.99 88.94 88.3 88.7 89.05 88.72 88.84 88.49 88.5 88.58 88.62 88.62 88.56 88.52 88.41 88.39 88.35 88.29 88.23 88.25 88.34 88.27 88.27 88.37 88.31 88.25 88.36 88.53 88.48 88.63 88.72 88.58 87.81 88.86 88.89 88.94 89 89.17 89.3 89.42 89.44 89.42 89.41 89.39 89.39 89.57 89.47 89.22 89.65 89.69 89.7 90.33 89.95 89.96 90.05 89.98 90
-9999 -9999 -9999 -9999 -9999 -9999 -9999 88.97 88.98 88.95 88.89 88.93 88.98 89.22 89.16 89.17 88.97 88.97 88.98 89.06 89.06 88.9 88.96 88.91 88.66 88.94 88.7 88.61 88.42 88.52 88.59 88.55 88.41 88.58 88.36 88.32 88.34 88.28 88.27 88.18 88.22 88.16 88.2 88.28 88.02 87.82 88.22 88.28 88.41 88.5 88.61 88.72 88.84 88.89 88.9 88.92 89.02 88.96 89.25 89.26 89.31 89.39 89.39 89.41 89.54 89.57 89.54 89.48 89.63 89.55 89.59 89.77 89.75 89.78 89.71 89.88 89.93 90.15
-9999 -9999 -9999 -9999 -9999 -9999 -9999 88.93 88.95 88.84 88.95 88.94 88.91 88.84 88.78 88.86 89.26 89.08 89.1 89.08 89.06 88.83 88.86 88.86 88.87 88.83 88.66 88.56 88.39 88.52 88.55 88.52 88.46 88.5 88.51 88.42 88.19 88.28 88.2 88.16 88.19 88.24 88.25 88.24 88.2 86.94 87.87 88.34 88.39 88.59 88.65 88.86 88.68 88.76 89 88.97 89.01 89.1 89.05 89.27 89.26 89.28 89.43 89.39 89.51 89.5 89.41 89.29 89.58 89.54 89.63 89.82 89.67 89.76 89.75 89.8 89.81 89.8
-9999 -9999 -9999 -9999 -9999 -9999 -9999 88.86 88.81 88.77 89 89.01 89.06 89.02 88.9 88.79 88.75 88.72 88.76 88.8 88.89 88.97 88.8 88.81 88.83 88.78 88.83 88.69 88.36 88.53 88.47 88.49 88.53 88.56 88.39 88.28 88.11 88.09 88.07 87.96 88.17 88.23 88.39 88.29 88.29 87.96 88.26 88.3 88.26 88.63 88.69 88.69 88.88 88.75 88.95 88.94 89.05 89.06 89.19 89.1 89.2 89.28 89.49 89.58 89.47 89.49 89.4 89.33 89.5 89.42 89.68 89.6 89.63 89.7 89.64 89.78 89.74 89.83
