Dane przykładowe/DEM/NMT4.asc
ncols         438
nrows         475
xllcenter     359780
yllcenter     507585
cellsize      5
nodata_value  -9999
[rows 136 to 169 of 475, columns 156 to 233 of 438]
76.32 76.2 76.09 75.85 75.62 75.52 75.39 75.24 75.32 75.58 75 74.66 74.61 74.63 74.49 74.15 74.08 73.98 73.93 73.86 73.66 73.72 73.76 73.73 73.71 73.75 73.79 73.83 73.83 73.87 73.89 73.87 73.89 73.84 73.71 73.72 73.71 73.68 73.68 73.64 73.69 73.69 73.76 73.77 73.71 73.61 73.58 73.54 73.5 73.43 73.37 73.31 73.27 73.19 73.13 73.1 73.09 73.08 72.86 72.8 72.82 72.17 71.59 71.48 71.53 71.6 71.93 72 72.09 72.17 72.14 72.09 72 72.03 71.89 71.52 71.46 71.17
76.2 76.01 75.79 75.73 75.58 75.45 75.3 75.17 75.03 74.9 74.79 74.65 74.52 74.41 74.2 74.01 73.94 73.86 73.84 73.78 73.65 73.64 73.61 73.52 73.44 73.33 73.28 73.27 73.36 73.29 73.26 73.25 73.37 73.37 73.41 73.53 73.49 73.54 73.6 73.64 73.67 73.62 73.7 73.67 73.65 73.56 73.54 73.48 73.42 73.37 73.28 73.23 73.16 73.1 73.06 73 72.96 72.89 72.8 72.89 72.64 71.51 71.37 71.41 71.35 71.78 71.85 71.88 71.96 72.1 72.12 72.11 72 71.95 71.82 71.65 71.46 71.06
76.24 76.06 75.84 75.65 75.45 75.3 75.13 74.97 74.98 74.84 74.7 74.57 74.43 74.29 74 73.94 73.85 73.75 73.68 73.66 73.61 73.54 73.46 73.4 73.29 73.24 73.17 73.09 73.01 72.94 72.89 72.78 72.73 72.65 72.61 72.54 72.41 72.38 72.37 72.33 72.29 72.15 72.57 72.59 72.62 72.6 72.69 72.7 72.46 72.31 72.25 72.2 72.08 72.36 72.34 72.47 72.55 72.52 72.32 71.98 71.41 71.45 71.24 71.27 71.62 71.71 72.06 71.92 72.06 72.14 72.1 72.06 71.99 71.91 71.79 71.63 71.47 71.18
76.36 76.23 75.95 75.7 75.55 75.37 75.18 75.01 74.88 74.75 74.58 74.43 74.29 74.12 74.04 73.91 73.82 73.73 73.64 73.52 73.43 73.36 73.26 73.2 73.11 73.05 73.04 73.02 72.94 72.9 72.82 72.73 72.68 72.55 72.48 72.38 72.33 72.29 72.21 72.17 72.11 72.09 72.08 72.02 71.98 71.92 71.89 71.83 71.82 71.8 71.7 71.62 71.48 71.45 71.47 71.45 71.46 71.42 71.42 71.37 71.25 71.21 71.15 71.14 71.59 71.64 72.06 72 72.02 72.15 72.19 72.06 72.06 71.89 71.67 71.6 71.37 71.18
76.45 76.18 75.98 75.85 75.67 75.52 75.42 75.14 74.99 74.84 74.68 74.55 74.43 74.27 74.12 74 73.89 73.8 73.71 73.59 73.56 73.44 73.36 73.27 73.2 73.11 73.07 72.98 72.88 72.8 72.69 72.62 72.54 72.47 72.4 72.31 72.24 72.18 72.08 71.97 71.92 71.86 71.85 71.78 71.67 71.6 71.53 71.48 71.57 71.54 71.42 71.37 71.37 71.25 71.24 71.33 71.34 71.31 71.3 71.14 71.16 71.06 71 70.95 71.13 71.52 71.83 71.95 72.02 72.14 72.17 72.06 72.05 71.91 71.77 71.59 71.37 71.16
76.29 76.09 75.91 75.86 75.59 75.44 75.32 75.16 75.04 74.92 74.77 74.6 74.49 74.35 74.27 74.01 74.05 73.91 73.75 73.82 73.73 73.65 73.57 73.47 73.32 73.24 73.16 73.08 72.97 72.9 72.8 72.73 72.64 72.56 72.46 72.41 72.35 72.24 72.19 72.1 72.03 71.95 71.86 71.82 71.72 71.65 71.59 71.5 71.4 71.35 71.27 71.21 71.19 71.2 71.15 71.14 71.13 71.13 71.07 71.02 70.95 70.94 70.87 70.76 70.78 70.91 70.96 71.24 71.73 72.04 72.09 72 72.03 71.87 71.81 71.57 71.45 71.17
76.33 76.15 75.99 75.78 75.57 75.41 75.26 75.07 74.92 74.73 74.57 74.51 74.34 74.08 74.08 74.16 74.07 73.83 73.82 73.81 73.8 73.66 73.56 73.48 73.4 73.34 73.28 73.19 73.09 73.04 72.97 72.85 72.77 72.7 72.69 72.58 72.5 72.43 72.38 72.31 72.23 72.16 72.1 72.04 71.91 71.77 71.66 71.58 71.48 71.39 71.36 71.29 71.22 71.16 71.12 71.08 71.09 71.03 70.99 70.94 70.88 70.84 70.73 70.63 70.52 70.49 70.35 70.6 70.68 70.59 70.9 71.65 71.86 71.79 71.75 71.68 71.35 71.19
76.48 76.36 76.06 75.85 75.68 75.51 75.33 75.16 74.98 74.83 74.68 74.49 74.35 74.27 74.15 74.07 74.01 73.89 73.88 73.83 73.78 73.66 73.52 73.5 73.4 73.34 73.29 73.2 73.1 73.05 72.97 72.89 72.8 72.75 72.66 72.61 72.53 72.43 72.33 72.31 72.21 72.16 72.08 72.01 71.89 71.84 71.75 71.66 71.66 71.58 71.47 71.38 71.35 71.14 71.18 71.08 71.03 70.96 70.91 70.87 70.82 70.74 70.64 70.59 70.47 70.27 70.16 70.02 70.01 69.95 70.24 70.18 70.15 70.84 71.39 71.48 71.26 70.98
76.29 76.28 76.16 75.99 75.82 75.66 75.48 75.4 75.24 74.95 74.73 74.57 74.44 74.28 74.17 74.05 73.94 73.84 73.75 73.65 73.58 73.52 73.41 73.35 73.27 73.19 73.07 73.01 72.94 72.87 72.83 72.76 72.63 72.57 72.5 72.45 72.34 72.3 72.2 72.13 72.06 72.02 71.94 71.86 71.79 71.71 71.63 71.56 71.45 71.43 71.42 71.4 71.31 71.18 71.2 71.18 70.99 70.93 70.86 70.79 70.73 70.68 70.59 70.54 70.41 70.24 70.13 69.97 69.77 69.65 69.66 69.47 69.47 69.76 69.74 69.86 70.66 70.84
75.69 75.7 75.72 75.72 75.69 75.54 75.44 75.26 75.09 74.93 74.75 74.6 74.47 74.31 74.18 74.03 73.93 73.82 73.77 73.67 73.59 73.52 73.48 73.35 73.3 73.25 73.18 73.05 72.92 72.75 72.72 72.66 72.55 72.47 72.38 72.31 72.29 72.16 72.11 72.05 71.98 71.89 71.84 71.76 71.69 71.62 71.52 71.44 71.32 71.32 71.25 71.2 71.17 71.08 71.05 71.01 70.91 70.81 70.79 70.7 70.61 70.59 70.52 70.44 70.45 70.33 70.12 69.96 69.77 69.55 69.42 69.31 69.19 69.18 69.03 69.22 69.42 69.33
75.74 75.63 75.4 75.37 75.29 75.28 75.19 75.1 74.82 74.71 74.47 74.37 74.26 74.15 74.04 73.84 73.71 73.64 73.57 73.51 73.47 73.4 73.33 73.32 73.25 73.18 73.12 73.05 72.96 72.91 72.84 72.75 72.68 72.58 72.49 72.41 72.33 72.26 72.17 72.1 72.01 71.95 71.88 71.78 71.7 71.68 71.59 71.5 71.37 71.19 71.15 71.12 71.05 70.96 70.94 70.93 70.86 70.78 70.7 70.62 70.5 70.46 70.38 70.31 70.19 70.11 70.02 70.04 69.77 69.62 69.44 69.27 69.15 68.89 68.83 68.82 68.68 68.59
75.97 75.96 75.83 75.62 75.49 75.33 75.05 74.93 74.83 74.61 74.42 74.27 73.99 73.75 73.78 73.61 73.6 72.86 72.82 72.68 72.71 72.82 72.72 72.84 72.89 72.77 72.79 72.7 72.82 72.7 72.61 72.52 72.5 72.38 72.34 72.33 72.22 72.13 72.05 72.01 71.93 71.85 71.64 71.68 71.61 71.56 71.47 71.37 71.3 71.21 71.16 71.11 71.14 71.07 70.95 70.88 70.84 70.76 70.67 70.51 70.45 70.36 70.27 70.16 70.06 69.95 69.9 69.83 69.68 69.65 69.64 69.34 69.13 69 68.8 68.61 68.45 68.34
75.98 75.96 75.86 75.66 75.43 75.3 75.31 75.27 75.05 74.76 74.66 74.7 74.37 74.1 74.34 73.91 73.79 72.83 72.72 72.71 72.85 72.91 72.91 72.96 72.92 72.92 72.92 72.96 72.96 72.86 72.96 72.72 72.56 72.39 72.28 72.22 72.16 72.11 72.23 72.24 72.26 72.28 72.1 71.95 71.86 71.75 71.65 71.57 71.4 71.34 71.16 71.11 71.2 71.1 70.97 70.84 70.75 70.85 70.93 71.07 70.98 70.7 70.43 70.27 70.05 69.96 69.88 69.73 69.63 69.49 69.38 69.26 69.32 69.11 68.83 68.63 68.46 68.33
75.93 75.96 75.81 75.6 75.4 75.24 75.34 75.14 74.97 74.79 74.69 74.65 74.44 74.24 74.18 74.05 74.08 72.86 72.8 72.74 72.74 72.75 72.77 72.78 72.83 72.83 72.85 72.84 72.83 72.86 72.95 72.69 72.53 72.37 72.25 72.17 72.11 72.05 72.29 72.39 72.35 72.64 72.41 72.28 72.44 72.18 71.78 71.67 71.55 71.32 71.36 71.17 71.15 71.07 71 70.85 70.93 71.13 71.09 71.11 71.27 71 70.92 70.82 70.88 71.27 70.56 69.85 69.73 69.46 69.28 69.16 69.06 68.92 68.79 68.83 68.53 68.34
75.84 76.01 75.77 75.62 75.39 75.23 75.31 75.13 74.98 74.79 74.73 74.69 74.51 74.33 74.1 74.02 74.05 72.98 72.76 72.71 72.75 72.77 72.8 72.83 72.82 72.83 72.83 72.83 72.83 72.82 72.87 72.66 72.55 72.4 72.3 72.17 72.09 72.04 72.2 72.22 72.31 72.43 72.49 72.47 72.33 72.28 71.87 71.76 71.65 71.54 71.38 71.19 71.16 71.07 71 71.19 71.27 71.18 71.11 70.91 70.93 71.06 70.96 70.95 71.39 71.92 71.42 71.33 70.83 69.72 69.44 69.26 68.97 68.87 68.71 68.58 68.48 68.32
75.72 75.89 75.75 75.46 75.38 75.25 75.27 75.12 74.99 74.75 74.73 74.72 74.56 74.36 74.04 73.94 73.63 73.02 72.14 72.34 72.89 72.81 72.82 72.88 72.86 72.84 72.84 72.8 72.82 72.83 72.86 72.66 72.54 72.42 72.31 72.17 72.14 72.11 72.13 72.29 72.42 72.44 72.47 72.43 72.61 72.49 72.21 71.81 71.67 71.46 71.29 71.28 71.2 71.23 71.42 71.13 71.27 71.42 71.25 71.02 71.14 71.16 71.08 71.23 71.15 70.81 70.87 71.26 71.31 71.31 70.98 69.71 69.14 68.99 68.78 68.51 68.36 68.24
75.55 75.42 75.34 75.26 75.26 75.15 75.26 75.05 74.9 74.72 74.71 74.68 74.51 74.25 74.09 73.94 73.23 73.02 71.41 72.02 72.79 72.82 72.85 72.88 72.87 72.87 72.86 72.93 72.88 72.92 72.85 72.64 72.58 72.48 72.37 72.27 72.28 72.39 72.31 72.38 72.4 72.42 72.44 72.41 72.55 72.37 72.09 71.74 71.58 71.34 71.4 71.28 71.37 71.36 71.26 71.1 71.14 71.39 71.22 71.31 71.27 71.13 71.04 71.2 70.84 70.8 70.68 70.75 70.79 70.93 71.15 71.19 70.87 69.99 69.13 68.79 68.58 68.24
75.35 75.28 75.21 75.15 75.1 75 74.92 74.81 74.71 74.61 74.54 74.62 74.3 74.09 74.06 73.94 73.24 73.05 70.7 72.58 72.82 72.84 72.86 72.85 72.83 72.79 72.79 72.81 72.83 72.83 72.84 72.67 72.6 72.54 72.44 72.4 72.41 72.42 72.35 72.36 72.38 72.4 72.42 72.39 72.5 72.1 71.78 71.65 71.43 71.48 71.5 71.54 71.49 71.42 71.21 71.29 71.28 71.36 71.4 71.4 71.38 71.23 71.29 70.82 70.95 70.96 70.87 70.75 70.75 70.78 70.83 70.88 70.99 71.08 70.88 70.22 69.77 68.72
75.37 75.26 75.16 75.04 74.93 74.86 74.8 74.71 74.62 74.56 74.48 74.62 74.41 74.19 74.05 74.02 73.45 73.04 70 72.94 72.92 72.95 72.92 72.88 72.91 72.88 72.82 72.81 72.83 72.85 72.89 72.69 72.65 72.66 72.57 72.55 72.59 72.51 72.46 72.41 72.39 72.38 72.41 72.36 72.12 71.87 71.66 71.53 71.56 71.58 71.46 71.69 71.51 71.58 71.55 71.5 71.52 71.54 71.54 71.46 71.41 71.43 70.81 70.89 71.09 71.05 71 71.03 70.96 70.84 70.84 70.82 70.86 70.93 70.97 71.04 70.82 70.46
75.73 75.57 75.43 75.23 75.09 74.98 74.87 74.76 74.7 74.56 74.49 74.36 74.41 74.43 74.17 74.14 73.44 72.97 73.08 73.25 73.12 73.02 73.02 72.86 72.87 72.98 72.95 73.09 73.01 72.9 72.92 72.74 72.72 72.76 72.83 72.88 72.72 72.52 72.56 72.52 72.46 72.44 72.34 72.21 71.97 71.72 71.65 71.67 71.67 71.68 71.66 71.6 71.64 71.7 71.58 71.52 71.49 71.64 71.72 71.72 71.46 70.8 70.86 71.09 71.04 71.03 71.06 71.08 71.02 70.97 70.98 70.97 70.91 70.92 70.93 70.95 71.03 71.05
76.08 75.99 75.91 75.77 75.6 75.41 75.12 74.94 74.84 74.66 74.55 74.35 74.36 74.44 74.24 74.06 73.35 72.98 73.09 73.15 73.2 72.98 73.07 72.85 72.95 73.08 73.11 73.09 73.08 72.85 72.93 72.79 72.79 72.86 72.88 72.88 72.89 72.74 72.57 72.58 72.59 72.38 72.19 72.05 71.83 71.74 71.7 71.68 71.67 71.73 71.74 71.19 71.77 71.62 71.65 71.66 71.81 71.82 71.73 71.64 71.26 70.7 71.02 71.15 71.11 71.03 71.04 70.96 71.09 71.09 71.06 70.97 70.94 70.99 70.91 70.9 70.99 71.06
76.29 76.17 76.05 75.98 75.84 75.7 75.38 75.07 74.93 74.75 74.61 74.34 74.31 74.49 74.29 74.04 73.37 73.01 73.04 73.04 73.08 72.97 73.01 72.84 73.02 73.08 73.09 73.1 73.1 72.82 72.94 73.01 72.9 72.9 72.88 72.86 72.88 72.86 72.74 72.66 72.42 72.32 72.14 71.91 71.84 71.81 71.82 71.89 71.64 71.75 72.02 71.98 71.83 71.85 71.87 71.65 71.71 71.95 71.65 71.81 70.73 70.92 71.07 71.05 71.04 71.03 71.02 70.95 71.1 71.04 71.01 70.98 70.93 70.82 70.83 70.89 71.02 71.15
76.65 76.54 76.31 76.19 76.06 75.95 76.01 75.33 74.95 74.83 74.59 74.4 74.21 74.32 74.27 74.11 73.28 72.96 72.98 73.06 73.13 72.96 73.07 72.84 73 72.99 73.05 73.08 72.95 72.8 72.9 72.91 72.92 72.9 72.86 72.85 72.86 72.88 72.86 72.52 72.32 72.22 72.03 71.95 71.88 71.98 71.96 71.91 71.86 71.78 71.74 71.89 71.9 71.84 71.81 70.72 71.79 72.05 71.93 70.79 70.95 71.2 71.16 71.06 71.03 70.97 70.95 70.99 71.07 71.08 71.05 71.04 71.1 70.89 70.8 70.93 71.13 71.06
77.21 77.08 77 76.94 76.78 76.5 76.18 75.84 75.44 75.26 74.58 74.35 74.2 74.24 74.32 74.13 73.45 72.98 73.04 73.11 73.15 72.99 72.9 72.82 72.97 73.06 73.19 73 72.85 72.75 72.85 72.93 72.99 72.84 72.83 72.87 72.95 73.01 72.69 72.42 72.33 72.1 72.06 71.96 72.09 72.04 71.93 72.01 71.88 71.81 71.7 71.68 71.91 71.96 71.59 71.92 71.79 71.82 70.88 70.81 71.05 71.1 71.14 71.12 71 70.84 70.9 71.05 71.05 71.01 71.02 71.03 71.02 70.83 71.03 70.97 71.02 71.04
77.13 77.08 77.05 77.1 77.05 76.89 76.36 76.27 76.13 75.46 74.68 74.4 74.23 74.16 74.3 74.22 73.25 73.03 73.09 73.15 73.24 73.02 72.96 72.96 72.98 73.07 72.96 72.83 72.81 72.86 72.87 72.99 73.24 72.86 72.83 72.82 72.81 72.77 72.54 72.37 72.18 72.11 72.04 72.14 72.07 72.08 72.26 71.97 71.91 71.92 71.98 71.95 71.8 71.97 72.09 72 71.89 71.16 70.82 71.01 71.07 71.06 71.02 71.06 70.81 70.81 70.87 70.92 70.98 70.98 71.05 71.03 70.88 70.94 71.01 71 71.03 71.03
77.08 77.08 77.06 77.11 77.05 76.88 76.38 76.36 76.3 75.79 74.96 74.49 74.28 74.12 74.19 74.28 73.32 72.96 73.09 73.22 73.05 73.01 73.01 72.99 73.04 72.95 72.85 72.83 72.94 72.89 73 73.06 73.22 73.28 72.85 72.74 72.71 72.6 72.42 72.27 72.22 72.13 72.23 72.17 72.06 72.06 72.05 71.98 71.98 72 72.07 72.02 72.22 71.78 71.99 71.92 71.79 70.94 71.01 71.05 71.05 71.08 71.06 70.98 70.8 70.96 70.91 70.94 70.94 70.96 70.99 70.89 70.98 71.04 70.83 71.01 71.11 71.04
77.04 77 77.05 77.09 77.06 76.74 76.32 76.33 76.26 75.75 74.95 74.49 74.25 74.11 74.1 74.19 73.19 73 73.03 73.06 73.1 72.99 72.98 72.86 72.89 73 72.87 72.97 70.6 70.04 73.04 73.09 73.11 73.26 73.01 72.78 72.64 72.47 72.34 72.34 72.24 72.46 72.3 72.23 72.14 72.04 72.02 71.9 71.95 71.99 72 72.06 71.84 71.91 72.03 72.21 71.06 70.99 71.09 71.05 71.06 71.07 71.03 70.92 70.87 70.91 70.97 71.03 70.97 70.79 70.8 70.83 70.93 70.96 70.93 70.89 70.93 70.97
76.85 76.8 76.79 76.65 76.62 76.43 76.25 76.2 75.79 75.47 75.04 74.49 74.28 74.13 73.99 74.12 73.18 73.02 73.09 73.16 73.13 73.07 73.02 72.89 72.85 72.88 73.04 71.69 71.14 71.05 71.46 73.05 73.13 73.09 72.9 72.72 72.58 72.43 72.42 72.34 72.3 72.36 72.3 72.25 72.16 72.02 71.96 71.22 71.44 71.98 72.01 71.96 72.04 72.19 72.23 71.52 70.96 70.87 70.98 71.04 71.05 71.06 71.1 71.07 71.05 70.94 71.02 71.03 70.98 70.88 70.8 70.88 71 70.85 70.87 70.86 70.84 70.9
76.78 76.58 76.46 76.33 76.22 76.15 75.88 75.67 75.5 75.37 74.99 74.47 74.39 74.12 74 74.1 73.12 73.04 73.11 73.17 73.28 73.03 73 73.01 73.02 73.02 72.77 72.2 71.94 71.83 72.04 72.4 73.06 72.93 72.83 72.72 72.48 72.47 72.4 72.32 72.32 72.25 72.29 72.27 72.19 72.1 72.04 71.45 72.44 72.07 71.99 72.01 72.39 71.9 71.91 70.97 70.95 70.85 70.85 70.97 71.01 71.04 71.04 71.11 71.11 70.97 70.92 70.87 70.95 70.9 70.88 71 71.05 70.95 70.81 70.78 70.76 70.93
76.67 76.48 76.32 76.17 76.03 75.94 75.78 75.64 75.52 75.49 75.13 74.71 74.41 74.16 74 73.97 73.07 73.04 73.1 73.15 73.21 73.18 73.05 73.02 72.96 72.92 72.9 72.66 72.5 72.52 72.61 73.01 73.15 72.83 72.68 72.54 72.53 72.53 72.46 72.43 72.28 72.2 72.19 72.1 72.28 72.08 72.01 72.32 72.19 71.98 72 72.15 71.92 71.77 71.04 71 67.37 71 70.98 70.93 71.13 71.01 71.03 71.1 71.04 71.02 71.01 70.81 70.84 70.9 71.01 71.02 71.1 71 70.96 70.83 70.71 70.76
76.7 76.54 76.33 76.12 75.96 75.85 75.64 75.61 75.47 75.35 75.05 74.76 74.39 74.29 74.05 73.9 73.77 73.13 73.02 73.04 73.06 73.02 73.02 72.87 72.89 72.91 72.89 72.82 72.8 72.84 72.99 73.41 72.9 72.67 72.6 72.59 72.66 73.3 72.48 72.53 72.4 72.19 72.13 72.13 72.04 72.2 72.02 72.06 71.98 71.87 72.18 71.89 71.74 71.18 71.03 70.39 67.96 71.51 71.64 71.43 71.05 71 71 71 71.02 71 71 70.95 70.8 70.98 71.01 71.08 71.08 71.03 71 71.03 70.86 70.71
76.82 76.63 76.39 76.13 75.94 75.85 75.76 75.36 75.34 75.3 75.29 74.97 74.52 74.33 74.08 73.93 73.88 73.77 73.02 73.05 73.01 72.97 72.89 72.87 72.87 72.83 72.88 72.96 72.97 73.01 72.99 72.91 72.76 72.68 72.64 72.54 72.81 72.48 72.55 72.62 72.59 72.38 72.17 72.06 72.08 71.99 72.05 72.03 71.76 72.16 71.93 71.84 71.18 71.09 71.02 69.01 71.32 71.6 71.56 71.69 71.63 71.13 71.01 71.01 70.99 70.97 70.92 70.76 70.86 70.99 71.08 71.09 71.11 71.05 71.04 71.08 71.01 70.9
76.91 76.69 76.51 76.19 75.94 75.79 75.75 75.17 75.32 75.36 75.3 75.08 74.69 74.33 74.09 73.94 73.88 73.94 73.72 73.05 73.03 72.94 72.99 72.87 72.82 72.81 72.86 72.88 72.98 73.4 72.94 72.89 72.73 72.68 72.62 72.59 72.5 72.6 72.55 72.6 72.6 72.56 72.45 72.23 71.99 71.98 71.92 71.83 71.84 72.24 71.82 71.96 71.27 71.09 70.07 69.65 71.66 71.59 71.55 71.57 71.59 71.84 71.17 70.99 70.93 70.91 70.75 70.8 70.91 71.06 71.09 71.07 71.07 70.97 71.02 71 70.99 71.01
76.93 76.73 76.52 76.16 75.95 75.76 75.77 75.38 75.27 75.36 75.33 75.43 74.9 74.43 74.19 73.98 73.82 73.82 73.81 73.51 73.23 72.95 73.05 73 72.86 72.84 72.83 72.96 72.82 72.86 72.87 72.82 72.73 72.76 72.88 72.48 72.48 72.42 72.49 72.6 72.54 72.62 72.64 72.34 72.15 71.97 71.87 71.86 71.82 71.92 71.81 72.01 71.26 71.04 70.68 71.49 71.46 71.46 71.55 71.64 71.55 71.7 71.92 71.69 70.95 70.85 70.85 70.93 70.98 71.05 71.07 71.09 70.97 70.93 70.99 70.99 71.03 71.03
