Dane przykładowe/DEM/NMT_przyklad.asc
ncols         439
nrows         475
xllcenter     355260
yllcenter     498440
cellsize      5
nodata_value  -9999
[rows 204 to 237 of 475, columns 78 to 155 of 439]
72.79 72.76 72.68 72.78 72.79 72.77 72.93 73.16 72.68 72.61 72.45 72.36 72.2 72.18 72.14 72.09 72.36 72.01 71.96 72.01 72.12 72.05 71.42 71.37 71.37 71.38 71.4 71.46 71.41 71.36 71.11 70.85 71.01 70.99 70.7 70.48 70.5 70.23 70.18 70.01 69.91 69.87 69.66 69.55 69.39 69.36 69.16 69.47 69.03 68.95 68.87 68.74 68.6 68.61 68.84 68.46 68.35 66.64 67.02 68.08 68.1 68.14 68 67.85 67.78 68.02 67.79 67.57 67.07 66.89 66.68 66.35 66.17 66.11 66.04 65.9 65.77 65.67
72.72 72.75 72.76 72.76 72.71 72.79 73.54 73.81 72.94 72.54 72.38 72.34 72.33 72.08 72.04 72.16 72.28 71.99 71.9 71.94 71.97 72.05 71.48 71.34 71.34 71.22 71.38 71.44 71.37 71.32 71.24 70.84 70.84 70.94 70.92 70.59 70.45 70.2 70.09 69.98 69.84 69.78 69.57 69.49 69.28 69.34 69.14 69.07 68.86 68.91 68.76 68.74 68.61 68.52 68.55 68.54 68.38 67.94 68.13 68.09 68.06 67.98 67.95 67.93 67.98 67.85 68.16 67.21 66.33 66.84 66.81 66.36 66.17 66.08 65.94 65.86 65.75 65.72
72.51 72.66 72.72 72.74 72.77 72.77 72.54 73.77 72.48 72.4 72.4 72.24 72.16 72.24 72.15 72.06 72.06 72.09 72 71.91 71.85 71.96 71.41 71.26 71.28 71.28 71.35 71.42 71.38 71.33 71.29 70.8 70.77 70.86 70.78 70.62 70.45 70.28 70.07 69.91 69.82 69.81 69.61 69.52 69.26 69.33 69.26 69 68.85 68.8 68.75 68.63 68.58 68.55 68.5 68.56 68.47 68.37 68.19 68.04 68.03 68.02 67.93 67.97 68 68.14 67.76 67.04 66.32 66.83 66.79 66.28 66.19 66.01 65.97 65.7 65.76 65.74
72.51 72.58 72.66 72.75 72.73 72.76 72.26 72.31 72.23 72.31 72.17 72.23 72.23 72.22 72.22 72.12 72.03 72.03 72.01 71.98 71.88 72.09 71.61 71.3 71.22 71.23 71.3 71.36 71.32 71.2 71.08 70.74 70.73 70.78 70.89 70.63 70.57 70.32 70.17 69.97 69.87 69.78 69.56 69.45 69.34 69.25 69.22 69.07 68.9 68.76 68.73 68.64 68.59 68.5 68.46 68.51 68.4 68.32 68.19 68.03 67.99 68.01 67.94 67.95 67.94 68.04 67.35 66.92 66.43 65.96 66.69 66.3 66.11 66.01 65.87 65.82 65.59 65.75
72.48 72.73 72.84 72.7 72.77 72.79 72.5 72.19 72.14 72.08 71.82 71.82 72.13 72.3 72.19 72.19 72.07 71.97 72.04 72.02 71.93 71.85 71.91 71.29 71.18 71.22 71.23 71.34 71.33 71.2 71.05 70.82 70.69 70.86 70.88 70.6 70.44 70.24 70.1 69.91 69.81 69.86 69.66 69.52 69.37 69.31 69.18 69.04 68.86 68.75 68.73 68.63 68.52 68.45 68.44 68.56 68.28 68.22 68.24 68.17 68.04 68 67.92 67.89 67.91 67.98 67.54 67.03 66.59 66.01 66.58 66.51 66.11 66.04 65.91 65.69 65.6 65.91
72.47 72.38 72.53 72.68 72.75 72.78 72.19 72.09 72.07 69.47 67.42 71.46 71.58 72.18 72.25 72.15 72.13 72.07 71.91 72 71.96 71.88 71.91 71.33 71.21 71.18 71.21 71.3 71.35 71.19 71.04 70.93 70.67 70.76 70.86 70.57 70.38 70.27 70.12 70.35 70.34 69.85 69.72 69.51 69.34 69.17 69.1 68.99 68.8 68.72 68.64 68.59 68.54 68.49 68.42 68.32 68.29 68.2 68.17 68.15 67.98 68.05 67.85 67.87 67.84 67.9 67.73 67.28 66.83 66.6 66.35 66.47 66.07 66.03 65.88 66.35 65.67 65.43
72.31 72.36 72.38 72.43 72.71 72.77 72.05 71.98 71.36 67.45 67.54 67.43 71.31 71.46 72.03 72.06 72.09 72.03 72 71.93 71.83 71.92 71.82 71.33 71.18 71.22 71.17 71.29 71.29 71.25 71.12 70.97 70.63 70.69 70.75 70.49 70.35 70.2 70 69.86 69.72 69.66 69.6 69.42 69.34 69.12 69.04 69.07 68.76 68.72 68.59 68.43 68.47 68.45 68.4 68.25 68.26 68.22 68.16 68.15 68.08 68.06 67.84 67.73 67.76 67.83 67.64 67.46 67.38 66.89 66.52 66.43 66.14 66.22 65.88 65.69 65.84 66.13
72.4 72.42 72.32 72.23 72.77 72.37 72.03 71.78 69.7 67.72 67.54 67.53 67.48 71.21 71.44 71.82 72.11 72.06 71.95 71.77 71.82 72.51 72.74 71.37 71.16 71.13 71.14 71.24 71.26 71.17 71.05 70.91 70.57 70.54 70.76 70.75 70.31 70.17 69.93 69.77 69.68 69.58 69.45 69.37 69.29 69.11 68.97 68.95 68.81 68.68 68.57 68.47 68.38 68.43 68.35 68.24 68.26 68.2 68.12 68.15 68.1 68.06 67.86 67.67 67.69 67.58 67.35 67.12 66.93 66.67 66.33 66.13 65.97 65.87 65.74 65.58 65.66 65.76
72.3 72.27 72.32 72.26 72.1 72.04 71.83 71.56 69.91 68.38 67.51 67.53 67.56 67.48 71.15 71.37 72 71.95 72.03 71.92 71.65 72.15 72.79 71.62 71.16 71.09 71.07 71.15 71.25 71.15 71.01 70.9 70.72 70.54 70.77 70.5 70.18 70.14 69.83 69.73 69.6 69.52 69.41 69.37 69.31 69.15 68.91 68.89 68.85 68.58 68.53 68.39 68.33 68.36 68.33 68.27 68.3 68.2 68.23 68.15 68.09 67.84 67.81 67.72 67.43 67.1 67.03 66.77 66.66 66.51 66.36 66.18 66.03 65.7 65.68 65.53 65.51 65.63
73.18 72.63 72.29 72.28 72.22 72.07 71.94 71.68 70.19 69.29 68.47 67.62 67.52 67.55 67.52 71.13 71.37 71.88 72.21 71.9 71.81 71.68 72.37 71.64 71.14 71.09 71.07 71.2 71.12 70.98 70.92 70.76 70.68 70.55 70.55 70.42 70.05 69.9 69.82 69.71 69.6 69.53 69.47 69.41 69.27 69.15 68.91 68.83 68.92 68.57 68.45 68.4 68.44 68.38 68.34 68.27 68.24 68.32 68.33 68.13 67.94 67.79 67.53 67.52 67.3 67.1 66.87 66.79 66.57 66.49 66.34 66.19 66.03 65.86 65.67 65.63 65.49 65.56
74.55 73.71 72.8 72.16 72.23 72.08 71.95 71.96 71.11 70.22 69.37 68.59 67.86 67.52 67.53 67.5 71.17 71.37 72.05 71.88 71.82 71.66 72.81 71.71 71.14 71.01 71.02 71 71.03 70.87 70.77 70.72 70.73 70.51 70.54 70.6 69.99 69.85 69.8 69.64 69.65 69.51 69.49 69.35 69.25 69.13 68.86 68.79 68.8 68.63 68.57 68.55 68.48 68.57 68.39 68.45 68.5 68.34 68.25 68.14 67.95 67.76 67.57 67.37 67.25 67.06 66.85 66.64 66.55 66.44 66.25 66.13 66.06 65.83 65.63 65.53 65.53 65.56
75.08 74.73 73.67 72.8 72.16 72.08 72.02 71.89 71.85 71.11 70.25 69.5 68.64 67.81 67.42 67.65 67.44 71.04 71.27 71.29 71.78 71.51 72.32 72.1 71.09 70.99 70.97 70.93 71.02 70.91 70.83 70.78 70.71 70.47 70.43 70.54 69.97 69.82 69.76 69.62 69.59 69.54 69.44 69.33 69.19 68.98 68.94 68.77 68.71 68.74 68.72 68.63 68.59 68.54 68.5 68.45 68.38 68.32 68.2 68.14 68.03 67.95 67.53 67.2 67.14 67 66.79 66.68 66.53 66.41 66.24 66.09 66.06 65.87 65.68 65.54 65.52 65.54
75.01 75 74.7 73.75 72.78 72.13 72.03 71.97 71.86 71.76 71.15 70.31 69.6 68.61 68.1 67.43 67.58 67.48 68.06 68.07 68.98 68.46 71.27 71.15 71.2 71.01 70.88 70.89 70.95 70.98 70.85 70.78 70.71 70.46 70.4 70.44 70.11 69.89 69.75 69.63 69.53 69.49 69.36 69.44 69.37 69.15 69.05 68.86 68.76 68.69 68.6 68.54 68.56 68.55 68.47 68.45 68.29 68.17 68.21 68.13 68.03 67.92 67.56 67.22 67.17 67.06 66.84 66.68 66.56 66.47 66.3 66.15 66.09 65.88 65.71 65.59 65.56 65.44
75.04 75.05 75.04 74.69 73.35 72.19 71.97 72.03 71.9 71.77 71.67 71.36 70.16 69.57 68.78 68.1 67.37 67.53 67.55 67.07 67.18 67.42 68.85 69.65 71.27 70.86 70.8 70.79 70.85 70.91 70.87 70.8 70.73 70.55 70.35 70.35 70.34 69.9 69.74 69.69 69.59 69.34 69.27 69.16 69.11 69.02 68.9 68.76 68.71 68.6 68.51 68.42 68.52 68.44 68.33 68.31 68.28 68.32 68.29 68.09 67.97 68.09 67.36 67.25 67.08 67.05 66.87 66.64 66.57 66.45 66.34 66.19 66.01 66.03 65.81 65.58 65.55 65.44
75.06 75.07 75.04 75.05 71.94 71.98 72.02 71.91 71.85 71.77 71.74 71.67 71.04 70.28 69.7 68.81 67.46 67.39 67.6 67.6 67.42 67.45 67.53 66.98 71.15 70.85 70.7 70.72 70.71 70.82 70.8 70.8 70.82 70.58 70.31 70.25 70.38 70.04 69.67 69.27 69.2 69.13 69.1 69.07 69.01 68.94 68.83 68.72 68.61 68.64 68.44 68.36 68.39 68.32 68.37 68.28 68.27 68.33 68.24 68 67.94 67.9 67.7 67.27 67.07 67.04 66.86 66.64 66.55 66.46 66.38 66.19 66.09 66.03 65.86 65.72 65.58 65.46
75.03 74.89 74.89 74.65 71.89 72.04 71.97 72.04 71.77 71.68 71.64 71.55 71.32 71.21 70.46 69.07 67.46 67.42 67.44 67.58 67.65 67.42 67.48 67.45 70.24 70.79 70.73 70.65 70.62 70.74 70.76 70.78 70.66 70.54 70.25 70.22 70.34 69.87 69.39 69.19 69.11 69.01 68.99 68.97 68.95 68.92 68.83 68.76 68.63 68.6 68.57 68.48 68.33 68.25 68.27 68.33 68.45 68.71 68.79 67.96 67.89 67.87 67.54 67.24 67.06 66.93 66.83 66.7 66.6 66.5 66.28 66.23 66.11 65.97 65.85 65.71 65.51 65.46
75.02 74.96 74.97 74.92 73.55 71.92 72.14 72.17 71.96 71.67 71.46 71.46 71.33 71.28 70.95 68.65 67.41 67.42 67.41 67.39 67.55 67.59 67.5 67.56 68.84 70.68 70.56 70.54 70.51 70.63 70.64 70.59 70.5 70.49 70.21 70.16 70.3 70.06 69.42 69.16 69.03 68.94 68.96 68.95 68.81 68.78 68.74 68.64 68.63 68.56 68.88 68.48 68.41 68.26 68.31 68.32 68.46 68.61 68.78 67.98 67.82 67.7 67.69 67.2 67 66.95 66.82 66.67 66.45 66.41 66.34 66.18 66.07 65.88 65.83 65.7 65.53 65.44
75.03 74.97 74.93 75.08 72.66 72.03 72.44 72.29 72 71.85 71.51 71.32 71.32 71.2 71.12 71.1 67.4 67.43 67.43 67.54 67.38 67.58 67.55 67.47 67.4 70.78 70.49 70.43 70.4 70.55 70.52 70.55 70.47 70.46 70.22 70.06 70.14 70.27 69.46 69.21 69.01 68.86 68.8 68.78 68.73 68.72 68.6 68.43 68.49 68.51 68.55 68.38 68.34 68.36 68.42 68.47 68.58 68.67 68.76 67.95 67.75 67.67 67.6 67.07 67.01 66.76 66.75 66.66 66.39 66.31 66.27 66.15 66.04 65.95 65.77 65.69 65.57 65.51
75.04 75.05 75 72.42 72.29 72.3 72.37 72.16 72.07 71.98 71.68 71.41 71.31 71.19 71.12 71.09 71.07 67.39 67.41 67.42 67.43 67.47 67.61 67.58 67.42 70.85 70.43 70.31 70.3 70.34 70.46 70.5 70.39 70.34 70.23 70.02 70.06 70.18 69.6 69.19 69.01 68.94 68.76 68.78 68.75 68.66 68.35 68.25 68.43 68.4 68.4 68.45 68.49 68.46 68.48 68.52 68.61 68.72 68.98 68.36 67.67 67.64 67.52 67.24 66.89 66.72 66.68 66.57 66.48 66.34 66.23 66.08 66 65.92 65.79 65.67 65.52 65.42
75.05 74.95 75.05 73.72 72.04 72.27 72.47 72.13 72.09 72.09 71.95 71.59 71.33 71.19 71.08 71.07 71.01 71.03 68.08 67.46 67.42 67.4 67.5 67.5 67.48 70.69 70.38 70.25 70.25 70.28 70.35 70.41 70.41 70.46 70.14 70.03 70.05 70.06 69.88 69.2 69.06 68.93 68.76 68.78 68.73 68.52 68.37 68.56 68.45 68.51 68.53 68.58 68.6 68.59 68.54 68.72 68.65 68.73 68.7 67.82 67.61 67.55 67.43 67.34 66.92 66.73 66.6 66.51 66.38 66.24 66.18 66.05 65.99 65.84 65.76 65.74 65.53 65.45
75.08 75 71.49 71.87 71.91 72.09 72.23 72.09 72.3 72.36 72.05 71.68 71.52 71.3 71.05 71.02 71 70.91 71.08 70.43 67.41 67.44 67.61 67.45 67.45 69.64 70.32 70.19 70.18 70.13 70.24 70.34 70.36 70.41 70.38 70.04 69.98 70 70.08 69.23 69.06 68.93 68.83 68.75 68.71 68.54 68.46 68.65 68.59 68.64 68.65 68.74 68.78 68.74 68.66 68.62 68.84 68.06 67.66 67.57 67.56 67.52 67.38 67.25 66.74 66.6 66.49 66.49 66.38 66.21 66.08 66.01 65.98 65.85 65.74 65.69 65.54 65.44
74.56 74.56 74.01 71.92 71.98 72.03 72.1 72.21 72.54 72.11 72.16 71.87 71.78 71.49 71.2 71.08 71.03 71 70.94 71.04 70.42 67.5 67.43 67.43 67.43 69.87 70.25 70.14 70.06 70.06 70.16 70.19 70.26 70.28 70.38 69.98 69.93 69.96 70.06 69.49 69.03 68.91 68.85 68.67 68.75 68.61 68.58 68.75 68.7 68.73 68.77 68.85 68.79 68.85 68.08 67.77 67.69 67.67 67.65 67.56 67.69 67.42 67.24 67.19 66.76 66.6 66.4 66.41 66.28 66.16 66.06 66 65.89 65.81 65.72 65.66 65.58 65.43
73.78 73.78 73.14 71.95 71.98 71.99 72.15 72.1 72.22 72.02 72.03 71.98 71.95 71.73 71.42 71.2 71.05 71.01 70.96 70.94 70.98 70.07 67.47 67.44 67.44 69.99 70.39 70.05 70 69.95 70.06 70.13 70.24 70.26 70.27 69.93 69.86 69.87 69.89 69.92 68.99 68.84 68.73 68.69 68.77 68.74 68.7 68.87 68.72 68.69 68.85 68.26 68.02 67.94 67.82 67.75 67.68 67.44 67.07 67.09 67.15 67.27 67.16 67.09 66.77 66.54 66.41 66.32 66.25 66.17 66.02 65.93 65.91 65.74 65.72 65.67 65.58 65.43
73.01 72.99 72.27 71.95 71.99 72 72.25 72.28 72.32 72.08 71.84 71.98 72 71.85 71.61 71.39 71.03 70.97 70.94 70.86 70.77 70.13 69.29 67.98 70.01 69.95 70.29 70.08 69.92 69.94 69.97 70.07 70.15 70.08 70.03 70 69.81 69.81 69.83 69.85 69.25 68.86 68.73 68.68 68.71 68.76 68.73 68.77 68.51 68.29 68.22 68.16 68.06 67.97 67.86 67.55 67.47 67.09 67.17 67.16 67.11 67.12 67.07 67.03 66.68 66.44 66.37 66.31 66.23 66.12 66.02 65.92 65.75 65.69 65.65 65.54 65.46 65.37
72.31 72.32 72.32 72.01 72.01 71.85 71.86 71.79 71.73 72.3 72.27 71.9 71.94 71.88 71.81 71.51 71.36 71 70.88 70.82 70.7 70.62 70.44 70.46 70.42 70.3 70.12 69.98 69.95 69.9 69.87 70.01 70.07 70.05 70.02 69.97 69.86 69.73 69.75 69.8 69.47 68.89 68.85 68.72 68.6 68.58 68.46 68.42 68.35 68.26 68.17 68.12 68.18 68.09 67.72 67.41 67.38 67.05 67.12 67.17 67.12 67.07 67.07 66.99 66.72 66.43 66.35 66.2 66.21 66.04 65.94 65.79 65.6 65.6 65.55 65.44 65.36 65.34
72.14 72.13 72.15 71.98 72.03 71.69 71.42 71.18 71.14 71.67 69.22 70.12 71.92 72.14 71.89 71.89 71.54 71.17 70.84 70.83 70.74 70.57 70.43 70.29 70.3 70.15 70.04 69.93 69.86 69.89 69.94 69.95 70.03 69.98 70 69.86 69.77 69.7 69.69 69.71 69.8 69.12 69.1 68.96 68.73 68.54 68.46 68.65 69.13 68.92 68.97 68.61 68.32 68.02 67.65 67.38 67.39 67.17 67.25 67.23 67.23 67.19 67.03 66.96 66.77 66.25 66.18 66.13 66.03 66 65.82 65.71 65.62 65.55 65.43 65.42 65.31 65.34
72.02 71.98 71.93 71.92 71.91 71.15 71.09 71.03 70.98 70.88 70.08 69.94 71.57 71.95 72.05 71.83 71.8 71.29 70.86 70.76 70.74 70.62 70.51 70.38 70.28 70.15 70.25 69.93 69.9 69.82 69.81 69.82 69.87 69.76 69.74 69.73 69.7 69.72 69.71 69.74 69.77 69.36 69.36 69.58 69.64 69.68 69.5 69.37 69.16 68.97 68.93 68.71 68.36 68.02 67.65 67.26 67.2 67.19 67.32 67.42 67.56 67.05 67.03 66.92 66.8 66.22 66.14 66.07 65.9 65.94 65.77 65.66 65.59 65.48 65.44 65.43 65.33 65.32
72 71.94 71.86 71.87 71.7 71.1 71.01 70.9 70.86 70.85 70.61 71.31 71.43 71.54 71.9 71.79 71.78 71.32 70.86 70.87 70.65 70.65 70.47 70.39 70.32 70.24 70.19 69.94 69.88 69.75 69.74 69.78 69.81 69.84 69.79 69.82 69.78 69.88 69.81 69.79 69.74 69.57 69.49 69.78 69.55 69.57 69.58 69.53 69.27 69.09 69.36 69.61 69.3 69.33 68.94 67.07 67.21 67.04 67.08 67.12 67.16 67.06 67 66.92 66.81 66.09 66.12 66.01 65.91 65.88 65.76 65.68 65.62 65.45 65.46 65.44 65.39 65.29
71.92 71.85 71.8 71.77 71.59 71.29 71.32 70.99 70.92 70.82 70.95 71.15 71.36 71.55 71.45 71.5 71.45 71.17 70.89 70.8 70.67 70.6 70.46 70.37 70.3 70.21 70.13 69.95 69.86 69.73 69.73 69.8 69.86 69.84 69.86 69.87 69.9 69.97 69.88 69.68 69.72 69.59 69.57 69.73 69.73 69.75 69.84 69.7 69.52 69.41 69.63 69.78 69.57 69.6 69.3 67.98 68.01 67.99 67.55 67.08 67.09 67.06 67.02 66.92 66.77 66.18 66.1 66.02 65.95 65.89 65.81 65.65 65.64 65.53 65.46 65.45 65.42 65.39
69.33 69.97 70.83 71.11 71.07 71.03 70.97 70.91 70.89 70.72 72.12 71.13 71.26 71.38 71.52 71.59 71.49 71.16 70.82 70.75 70.66 70.54 70.44 70.34 70.25 70.23 70.15 69.98 69.89 69.73 69.72 69.74 69.82 69.9 69.93 69.95 70 69.98 69.93 69.86 69.82 69.74 69.69 69.81 69.87 69.97 70.09 69.88 69.77 69.85 69.87 69.95 69.84 69.87 69.66 68.9 68.87 68.94 68.48 68.02 67.55 67.07 66.96 66.85 66.71 66.29 66.15 66.07 66.01 65.91 65.87 65.78 65.68 65.62 65.54 65.52 65.47 65.41
69.4 69.43 70.32 70.86 71.01 71.01 70.94 70.82 70.77 70.7 71.02 71.03 71.12 71.19 71.31 71.71 71.53 71.08 70.76 70.7 70.61 70.48 70.39 70.25 70.2 70.16 70.07 70.02 69.88 69.6 69.71 69.67 69.82 69.95 69.96 70.01 70.07 70.04 69.98 70.06 70.02 69.75 69.67 69.89 70.15 70.22 70.34 70.09 70.06 70.14 70.12 70.11 70.12 70.12 70 69.81 69.73 69.89 69.45 68.67 67.73 67.08 66.99 66.85 66.78 66.28 66.24 66.11 66.02 66.01 65.96 65.86 65.79 65.74 65.6 65.57 65.48 65.45
69.46 69.55 70.27 70.78 70.82 70.89 70.88 70.86 70.84 70.66 70.98 68.99 69.58 71.4 71.71 71.78 71.56 71.08 70.68 70.62 70.57 70.43 70.35 70.3 70.17 70.14 70.04 69.99 69.89 69.74 69.69 69.69 69.8 69.95 70.04 70.08 70.13 70.11 70.03 70.39 69.91 69.85 69.74 70 70.12 70.22 70.14 70.17 70.16 70.13 70.14 70.16 70.14 70.15 70.15 70.08 70.06 70.12 69.64 68.94 68.22 67.13 66.97 66.91 66.83 66.42 66.14 66.21 66.08 66.06 66 65.97 65.81 65.78 65.74 65.6 65.53 65.44
69.57 69.66 70.23 70.66 70.65 70.72 70.79 70.77 70.77 70.66 70.79 71.18 70.79 71.64 71.81 71.81 71.4 70.98 70.64 70.47 70.43 70.39 70.3 70.2 70.15 70.09 70.03 69.93 69.89 69.74 69.62 69.63 69.77 69.91 70.05 70.07 70.09 70.07 69.98 70.41 70.01 69.79 70.01 69.99 70.13 70.14 70.1 70.08 70.11 70.1 70.1 70.14 70.12 70.09 70.12 70.07 70.09 70.14 69.61 68.71 67.81 67.18 67 66.92 66.89 66.45 66.28 66.25 66.17 66.12 65.97 65.98 65.85 65.8 65.72 65.6 65.56 65.52
69.69 69.78 70.19 70.4 70.47 70.54 70.61 70.68 70.68 70.64 70.77 71.08 71.01 71.62 71.37 71.77 71.32 70.93 70.59 70.49 70.38 70.35 70.26 70.22 70.14 70.07 70.02 69.98 69.87 69.79 69.62 69.59 69.74 69.84 69.91 69.94 69.97 70.06 70 70.12 69.93 69.89 69.99 69.46 70.18 70.16 70.15 70.14 70.13 70.13 70.14 70.14 70.15 70.15 70.13 70.07 70.07 70.15 69.62 68.67 67.73 67.12 66.96 66.87 66.93 66.42 66.34 66.18 66.21 66.07 66.01 65.95 65.91 65.79 65.81 65.64 65.64 65.54
