Dane przykładowe/DEM/NMT_przyklad.asc
ncols         439
nrows         475
xllcenter     355260
yllcenter     498440
cellsize      5
nodata_value  -9999
[rows 340 to 373 of 475, columns 156 to 233 of 439]
65.38 65.19 65.26 65.1 64.84 64.7 64.64 64.41 64.33 64.23 64.13 64.05 63.95 63.85 63.71 63.64 63.52 63.51 63.45 63.35 63.14 63.04 62.8 62.72 62.61 62.66 62.42 62.34 62.38 62.31 62.14 62.25 62.18 62.2 62.23 62.25 62.13 62.04 62.03 62.29 62.27 62.26 62.09 61.92 61.92 61.9 61.89 62.09 62.3 62.26 61.93 61.95 61.99 61.97 61.88 61.87 61.8 61.78 62 61.81 61.82 61.81 61.77 61.73 61.71 61.71 61.69 61.71 61.7 61.74 61.8 61.79 61.69 61.72 61.8 61.76 61.86 61.81
65.48 65.24 65.2 65.21 65.06 64.73 64.62 64.62 64.51 64.55 64.44 64.1 64.06 63.89 63.69 63.56 63.51 63.44 63.37 63.28 63.17 63.1 62.93 62.84 62.71 62.7 62.54 62.58 62.56 62.36 62.33 62.5 62.39 62.21 62.24 62.22 62.18 62.14 62.25 62.27 62.36 62.37 62.11 61.95 62.03 62.06 61.92 62.06 62.13 62.13 61.9 61.93 62.06 62.13 62.01 61.94 61.93 61.9 61.88 61.83 61.8 61.79 61.75 61.81 61.93 61.82 61.7 61.7 61.68 61.69 61.73 61.69 61.66 61.68 61.73 61.79 61.76 61.85
65.61 65.23 65.33 65.19 64.96 64.98 64.77 64.63 64.7 64.6 64.55 64.04 63.96 63.98 63.76 63.79 63.83 63.76 63.5 63.44 63.26 63.17 62.96 62.86 62.77 62.62 62.54 62.51 62.49 62.42 62.32 62.28 62.26 62.19 62.19 62.24 62.22 62.31 62.22 62.21 62.4 62.22 62.12 62.03 62.08 62.04 61.98 62.1 62.09 62.06 61.9 62 62.11 62.13 62.05 61.95 61.78 61.89 62.07 61.82 61.81 61.78 61.72 61.81 61.8 61.45 61.47 61.49 61.5 61.78 61.77 61.68 61.7 61.7 61.72 61.67 61.81 61.81
65.64 65.28 65.57 65.47 64.98 64.88 64.83 64.67 64.76 64.66 64.56 64.23 64.13 63.9 63.75 63.8 63.78 63.88 63.76 63.35 63.01 63.19 63.04 62.79 62.65 62.63 62.63 62.45 62.46 62.44 62.3 62.29 62.29 62.22 62.17 62.18 62.19 62.17 62.13 62.08 62.03 62.02 62.07 62.07 62.13 62.13 62.08 62.18 62.13 62.07 61.96 62.22 62.03 62.04 61.99 61.99 62.01 61.99 62.01 61.86 61.8 61.87 61.7 61.86 61.78 61.23 61.52 61.48 61.36 62.09 62.1 62.05 62.02 62 61.85 61.76 61.85 61.81
65.68 65.25 65.28 65.25 64.97 64.94 64.86 64.72 64.7 64.82 64.52 64.28 64.1 63.9 63.85 63.87 63.71 63.79 63.59 63.27 62.35 63.39 63.04 62.75 62.67 62.6 62.54 62.27 62.24 62.24 62.11 62.12 62.26 62.22 62.11 62.02 61.91 62.2 62.19 62.13 62.1 62.02 62.03 62.02 62.03 62.01 62.02 61.98 61.98 61.93 61.89 62.01 62.03 62.03 62.09 62.08 61.97 61.95 61.9 61.78 61.84 61.84 61.85 61.82 61.62 61.01 61.49 61.43 60.92 61.97 61.92 61.92 61.95 61.92 62.14 61.8 61.9 61.91
65.71 65.4 65.26 65.25 65.12 64.88 65 64.81 64.83 64.64 64.42 64.18 64.18 63.93 63.81 63.79 63.65 63.55 63.48 63.21 63.14 63.14 63.02 62.72 62.73 62.59 62.56 62.34 62.41 62.32 62.01 62.1 62.03 62.03 61.92 61.86 61.91 62.01 62.03 61.95 61.91 61.9 61.9 62 62.08 61.87 62.14 62.1 62.08 61.93 61.91 61.94 61.93 61.93 61.89 61.94 61.86 61.83 61.85 61.84 61.8 61.87 61.87 62.03 61.46 61.48 61.53 61.53 61.3 62 61.95 61.95 61.96 61.97 61.95 61.86 61.9 62.12
65.61 65.33 65.39 65.2 65.09 65 64.94 64.72 64.63 64.58 64.39 64.16 64.12 63.93 63.76 63.7 63.66 63.46 63.32 63.23 63.16 63.23 63.11 62.72 62.57 62.59 62.61 62.34 62.32 62.16 62.04 62.06 62.03 61.88 61.91 61.83 62.03 62.01 62.03 62 61.96 61.96 61.92 61.78 61.83 61.78 61.89 61.9 61.82 61.78 61.75 61.8 61.82 62.03 61.96 61.98 61.93 61.86 61.82 61.83 61.94 61.82 61.91 61.84 61.53 61.48 61.45 61.51 62 62.25 61.97 62 61.98 62 62.08 61.9 61.89 61.95
65.62 65.4 65.39 65.22 65.14 65.1 65.02 64.51 64.51 64.51 64.32 64.07 64.01 63.87 63.84 63.74 63.62 63.42 63.27 63.14 63.16 63.44 62.94 62.73 62.7 62.71 62.47 62.19 62.24 62.16 62.15 62.01 62.04 61.86 61.94 61.79 61.96 61.93 61.92 61.89 62.13 62.01 61.83 61.79 61.78 61.9 61.82 61.87 61.84 61.71 61.79 61.82 61.74 61.93 62.08 62.17 62 61.82 61.89 61.9 61.95 61.81 61.86 61.81 61.36 61.53 61.52 61.51 61.52 61.96 61.87 61.99 62.03 62 61.97 61.95 61.97 61.83
65.71 65.5 65.4 65.22 65.09 65.07 64.96 64.51 64.51 64.49 64.3 64.03 64 63.82 63.84 63.7 63.45 63.31 63.14 63.14 63.09 63.08 62.87 62.71 62.53 62.47 62.43 62.15 62.1 62.03 62.12 62 61.9 61.99 61.9 61.81 62.03 61.91 62 61.98 61.96 61.73 61.68 61.91 61.9 61.74 61.85 61.83 61.9 61.81 61.71 61.78 61.79 61.84 62.17 62.19 61.92 61.81 61.91 61.92 61.87 61.75 61.8 61.7 61.03 61.48 61.49 60.98 61.5 61.99 62.02 61.99 62.03 62.04 61.91 61.93 62.03 61.79
65.52 65.53 65.36 65.21 65.28 65.35 65.01 64.41 64.46 64.48 64.16 63.99 63.95 63.77 63.7 63.61 63.38 63.27 63.14 63.16 63.12 62.96 62.76 62.68 62.48 62.45 62.38 62.12 62.05 61.96 61.89 61.9 61.91 62.01 62.04 61.88 61.98 61.86 61.89 61.96 61.9 61.71 61.75 61.89 61.88 61.91 61.79 61.83 61.95 61.82 61.74 61.75 61.9 61.75 62.25 62.25 62.02 61.44 61.65 61.83 61.88 61.76 61.76 61.52 61.46 61.52 61.51 61.33 61.85 62 62.06 62.03 62.01 62.11 61.96 61.93 61.98 61.92
65.63 65.58 65.31 65.15 65.02 65 65.11 64.41 64.37 64.47 64.1 64.03 63.91 63.73 63.71 63.57 63.42 63.23 63.19 63.13 63.06 62.96 62.74 62.63 62.5 62.44 62.27 62.11 62.1 61.97 61.97 62 62.05 62.07 61.98 61.83 61.85 61.79 62.03 61.74 61.76 61.79 61.7 61.79 61.82 61.88 61.88 61.95 62.04 61.83 61.82 61.79 61.69 61.71 61.84 62.33 61.89 61.83 61.56 61.61 61.77 61.71 61.81 61.44 61.51 61.48 61.46 61.56 61.61 61.88 62.03 62.01 61.96 62.06 62.01 61.95 61.86 61.72
65.38 65.48 65.41 65.35 64.87 64.77 64.87 64.52 64.51 64.37 64.22 63.91 63.85 63.73 63.62 63.52 63.48 63.32 63.19 63.17 63.06 62.78 62.7 62.64 62.48 62.44 62.26 62.08 62.03 61.93 62.01 62.03 62.11 61.97 61.82 61.83 61.78 61.75 61.77 61.64 61.69 61.71 61.75 61.77 61.79 61.87 61.86 62.33 62.03 61.86 61.81 61.76 61.65 61.64 61.85 61.79 61.58 61.84 61.55 61.77 61.68 61.7 61.79 61.26 61.51 61.51 61.46 61.58 61.72 61.87 61.99 62 61.97 61.93 62 62.04 61.96 61.71
65.6 65.63 65.18 65.19 65.09 65.01 64.95 64.99 64.92 64.89 64.86 64.79 64.76 64.63 63.69 63.5 63.42 63.37 63.2 63.06 63.39 62.95 62.71 62.62 62.48 62.43 62.45 62.06 62.02 62.09 62.08 62.12 62.03 62 62.02 61.84 61.8 61.75 61.8 61.7 61.68 61.78 61.75 61.83 61.82 61.93 62.04 62.06 61.95 61.82 61.81 61.8 61.53 61.57 61.65 61.67 62.59 61.48 61.63 61.9 61.65 61.65 61.75 61.07 61.5 61.48 61.07 61.59 61.82 61.87 62.04 61.99 62 62.04 61.99 62.23 62.05 61.7
66.01 65.54 65.45 65.38 65.2 65.08 64.89 64.91 64.99 64.81 64.83 64.59 64.59 64.86 64.68 64.65 64.84 65.22 65.17 65.18 65.19 63.17 62.89 62.7 62.62 62.51 62.28 62.41 62.18 62.17 62.04 61.99 61.99 62.01 61.88 61.95 61.79 61.75 61.83 61.76 61.79 61.82 61.83 61.86 62.03 62 61.94 62.03 61.92 61.78 61.76 61.78 61.48 61.53 61.6 61.63 62.14 61.54 61.58 62.01 61.69 61.6 61.75 61.43 61.49 61.48 61.47 61.63 61.76 61.85 62.01 61.99 62.02 62.06 62.02 62.23 61.98 61.73
65.73 65.59 65.5 65.47 65.31 65.19 65.12 65.13 65.15 64.99 65.03 64.91 64.89 65.1 65.07 65.02 65.11 65.54 65.43 65.38 65.24 65.18 65.04 62.99 62.66 62.54 62.55 62.42 62.52 62.48 62.5 62.39 62.15 62.25 62.37 62.05 62.08 62.01 61.89 61.84 61.86 61.8 61.81 61.92 61.94 61.92 62.06 61.98 61.88 61.92 62.21 61.61 61.52 61.56 61.53 61.7 61.55 61.57 61.69 61.84 61.71 61.86 61.8 61.51 61.5 61.46 61.87 61.8 61.72 61.96 62.09 61.93 62.03 62.06 62.03 62.22 62.01 61.98
65.49 65.63 65.49 65.54 65.42 65.31 65.34 65.38 65.3 65.17 65.2 65.01 65.13 65.26 65.23 65.31 65.37 65.53 65.49 65.4 65.34 65.22 64.99 62.83 62.64 62.42 62.48 62.36 62.26 62.22 62.17 62.11 62.09 62.07 61.97 62.07 62.13 62.13 62.09 62.21 62.25 62.24 62.06 62.09 61.95 62.04 62.12 62.02 61.94 61.92 62.05 61.6 61.55 61.61 61.51 61.6 61.61 61.59 61.7 61.78 61.74 61.9 61.22 61.51 61.47 61.49 61.74 61.79 61.81 61.89 62.02 62.07 62.09 62.07 62.22 62.09 61.85 61.81
65.47 65.49 65.46 65.59 65.53 65.49 65.54 65.6 65.41 65.36 65.37 65.1 65.44 65.42 65.4 65.48 65.54 65.48 65.43 65.39 65.33 65.37 65.24 62.84 62.57 62.4 62.3 62.26 62.28 62.21 62.22 62.12 62.11 62.01 61.97 61.99 61.95 62.12 62.06 62.19 62.12 62.06 61.92 62.05 62.14 62.05 61.93 62.19 62.01 62.06 62.06 62.08 62.05 61.79 61.76 61.67 61.57 61.57 61.78 61.71 61.7 61.94 60.98 61.48 61.49 61.2 61.74 61.79 61.97 62.13 62.03 62.07 62.09 62.09 62.31 62.02 61.75 61.72
65.43 65.45 65.47 65.48 65.49 65.49 65.46 65.51 65.49 65.45 65.5 65.25 65.7 65.55 65.55 65.51 65.52 65.5 65.41 65.4 65.41 62.9 64.06 62.79 62.56 62.34 62.27 62.2 62.15 62.19 62.11 62.02 62.02 61.99 62 61.89 61.9 62.01 61.96 62.11 62.03 62 62.19 62.06 62 61.96 61.99 62.18 62.24 62.03 62.07 62.17 62.12 62.1 62.04 61.93 62.09 62.29 62.04 61.74 61.71 61.84 61.22 61.44 61.53 61.47 61.75 61.87 62.04 62.14 62.13 62.02 62.09 62.28 62.28 62.19 61.6 61.7
65.44 65.4 65.42 65.43 65.44 65.43 65.41 65.43 65.44 65.45 65.44 65.46 65.48 65.48 65.5 65.53 65.47 65.51 65.39 65.43 65.47 62.83 64.15 63.14 62.5 62.34 62.23 62.18 62.09 62.07 61.98 61.94 61.88 61.83 61.83 61.81 61.89 61.93 61.9 62.04 61.93 61.94 62.16 62.09 61.82 61.92 61.99 62.07 62.13 61.98 61.98 61.94 61.92 61.89 62.1 62 62.05 61.84 61.76 61.76 61.91 61.68 61.52 61.55 61.48 61.96 61.77 61.9 62.04 62.18 62.07 62.04 62.04 62.28 62.23 61.92 61.77 61.77
65.48 65.45 65.43 65.5 65.41 65.38 65.4 65.46 65.47 65.42 65.67 65.42 65.4 65.44 65.43 65.43 65.43 65.38 65.36 65.45 65.27 62.88 64.46 62.88 62.5 62.22 62.16 62.08 62.02 62 61.93 61.87 61.8 61.72 61.71 61.71 61.71 61.72 61.67 61.72 61.68 61.74 61.76 61.78 61.85 61.88 61.93 62.02 61.96 61.92 61.94 61.87 61.84 61.81 61.94 61.9 61.79 61.76 61.76 61.81 61.93 60.98 61.54 61.49 61.54 61.86 61.81 62.02 62.15 62.14 62.12 62.07 62 62.26 61.62 61.86 61.84 61.8
65.79 65.8 65.79 65.74 65.77 65.56 65.41 65.15 65.26 65.49 65.43 65.49 65.45 65.45 65.44 65.44 65.43 65.42 65.38 65.36 65.09 64.19 64.73 62.78 62.31 62.2 62.1 62.06 62.06 61.93 61.82 61.78 61.75 61.69 61.66 61.64 61.6 61.55 61.58 61.57 61.58 61.59 61.61 61.66 61.73 61.78 61.88 61.9 62.19 62.19 61.86 61.82 61.75 61.71 61.69 61.7 61.83 61.89 61.77 61.77 62.03 60.92 61.5 61.36 61.23 61.84 61.86 62.03 62.12 62.13 61.98 62.02 61.99 62.3 61.99 61.98 61.9 61.79
65.7 65.75 65.74 65.75 65.55 65.67 65.61 65.57 65.51 65.61 65.54 65.48 65.42 65.3 65.02 64.94 65.28 65.38 65.4 65.35 65.4 65.46 65.37 62.83 62.3 62.33 62.21 62.1 62.04 62.05 61.8 61.75 61.72 62.05 62.07 62.01 62.03 61.85 61.78 61.7 61.6 61.58 61.52 61.59 61.62 61.78 61.71 61.73 61.75 61.76 61.75 61.74 61.7 61.6 61.7 61.88 61.88 61.97 61.79 61.78 61.94 61.12 61.49 61.47 61.1 61.89 61.97 62.01 62.2 62.12 61.98 61.95 62.01 62.29 62.49 62.23 61.88 61.85
65.65 65.73 65.71 65.66 65.65 65.61 65.63 65.65 65.71 65.75 65.76 65.74 65.63 65.44 65.11 65.07 64.9 64.9 64.97 64.86 64.79 64.62 63.83 62.65 62.29 62.18 62.14 62.06 62.05 62.03 61.86 61.75 61.93 62.07 62.07 62.06 62.13 61.97 61.97 62.05 62.24 62.05 62.17 62.19 62.13 62.1 62.06 62.02 61.82 61.72 61.67 61.7 61.68 61.58 61.88 61.89 61.9 62.02 61.82 61.98 61.74 61.52 61.51 61.51 61.89 62.02 62.01 62.09 62.14 62.14 61.98 61.9 61.97 62.08 62.02 62.03 61.93 61.86
65.71 65.69 65.61 65.53 65.54 65.56 65.54 65.76 65.84 65.8 65.78 65.86 65.66 65.66 65.2 65.04 64.89 64.83 64.88 64.82 64.7 64.46 63.93 62.77 62.4 62.44 62.09 62.06 62.04 61.96 61.88 61.78 62.02 62.1 62.06 62.06 62.1 62.04 62.04 62.04 62.12 61.99 62.11 62.1 62.31 62.08 62.32 62.25 62.14 62.11 62.17 62.16 61.94 61.85 61.83 61.95 61.97 61.97 61.84 62.04 61.02 61.51 61.48 61.54 61.88 62.08 62.07 62.2 62.09 61.96 61.93 61.89 61.93 61.92 61.93 61.9 61.89 61.7
65.66 65.61 65.54 65.51 65.49 65.47 65.42 65.5 65.46 65.4 65.39 65.4 65.59 65.25 65.16 65.07 64.99 65.06 64.91 64.84 64.75 64.59 63.69 62.59 62.28 62.16 62.08 62.02 62.05 61.98 61.87 61.78 62.01 62.09 62.09 62.1 62.11 62.02 62.02 62.03 62.07 62.02 61.98 62.04 62.13 62.15 62.2 62.11 62.15 62.17 62.21 62.1 61.66 62.04 61.89 62 62.01 61.87 61.85 62.09 60.93 61.48 61.51 61.37 62 62.06 62.1 62.06 62.03 61.94 61.87 62.05 61.83 61.84 61.89 61.81 61.69 61.56
65.7 65.59 65.53 65.52 65.41 65.32 65.31 65.3 65.32 65.34 65.35 65.35 65.25 65.35 65.3 65.12 65.06 65.14 64.93 65 64.84 64.64 63.12 62.44 62.24 62.2 62.06 62.04 62.07 62.08 61.92 61.81 62.05 62.11 62.09 62.1 62.13 62.05 62.07 62.08 62.05 62.06 62.02 62.05 62.16 62.29 62.27 62.09 62.13 62.3 62.31 61.46 62.46 62.02 62.05 62.05 62.08 61.82 61.84 62.08 61 61.48 61.52 60.97 61.99 62.09 62.14 62.07 61.98 61.9 61.98 61.93 61.88 62.02 61.87 61.8 61.65 61.55
65.63 65.58 65.5 65.5 65.43 65.31 65.28 65.24 65.26 65.12 65.14 65.25 65.37 65.37 65.4 65.1 65.12 65.09 64.94 64.96 64.91 64.65 63.1 62.35 62.33 62.48 62.11 62.11 62.06 62.09 61.91 61.83 62.09 62.12 62.12 62.15 62.09 62.05 62.06 62.05 62.08 62.08 62.04 62.11 62.11 62.14 62.12 62.14 62.18 62.14 61.69 61.89 61.96 61.98 62.05 62.06 62.18 61.89 62 61.74 61.48 61.52 61.53 61.72 62.11 62.07 62.24 62.13 61.97 61.83 62.03 61.91 61.83 61.83 61.7 61.42 61.63 61.56
65.74 65.54 65.48 65.44 65.4 65.28 65.24 65.12 65.16 65.14 65.04 65.15 65.14 65.19 65.32 65.13 65.08 65.04 64.79 64.79 64.77 64.68 62.86 62.39 62.28 62.2 62.12 62.12 62.08 62.01 61.96 61.86 62.14 62.11 62.09 62.19 62.19 62.07 62.05 62.06 62.05 62.02 62.02 62.08 62.06 62.11 62.15 62.14 62.21 62.17 61.45 62.01 61.98 62.07 62.04 62.09 62.07 61.97 62.19 61.03 61.47 61.5 61.5 61.97 62.15 62.1 62.05 62.04 61.89 61.78 61.93 61.88 61.87 61.73 61.77 61.62 61.51 61.53
65.78 65.69 65.43 65.4 65.37 65.31 65.3 65.18 65.15 65.15 65.12 65.07 65.23 65.19 65.19 65.07 64.97 64.88 64.82 64.58 64.65 64.52 62.7 62.33 62.24 62.25 62.29 62.15 62.07 62.03 61.94 61.9 62.18 62.11 62.1 62.14 62.09 62.12 62.06 61.99 62.07 62.05 62.05 62.06 62.24 62.25 62.19 62.16 62.29 61.6 62.08 62.07 62.04 62 62.16 62.02 62.04 61.97 62.23 60.89 61.55 61.5 61.47 62.01 62.08 62.08 61.93 62.08 61.87 61.92 61.75 61.85 61.8 61.69 61.64 61.69 61.47 61.79
65.69 65.63 65.63 65.4 65.35 65.34 65.34 65.37 65.1 65.06 65.11 65.03 65.17 65.11 65.03 64.77 64.81 64.86 64.68 64.56 64.56 63.98 62.64 62.45 62.3 62.29 62.35 62.44 62.21 62.04 61.97 62.01 62.18 62.12 62.05 62.24 62.12 62.06 62.12 61.96 62.07 62.11 62.09 62.08 62.22 62.27 62.17 62.25 61.85 61.96 62 62.04 62.01 62.09 62.05 62.09 61.93 61.94 62.25 60.97 61.51 61.49 60.96 61.95 62.06 62.09 62.14 62.01 61.85 61.95 61.81 61.85 61.77 61.58 61.53 61.6 61.73 61.74
65.65 65.63 65.57 65.37 65.31 65.36 65.35 65.24 65.18 65.15 65.14 65.15 65.05 64.94 64.97 64.89 64.85 64.66 64.6 64.48 64.29 63.84 62.73 62.47 62.3 62.43 62.58 62.54 62.48 62.13 62 61.94 62.08 62.15 62.11 62.15 62.12 62.14 62.06 62.06 62.1 62.1 62.05 62.25 62.13 62.13 62.16 61.84 62.09 62.15 62.04 62.07 62.23 62.15 62.03 62.14 61.96 61.99 61.72 61.47 61.51 61.55 61.34 62.04 62.05 62.1 62.1 61.94 61.83 61.9 61.83 61.78 61.63 61.6 61.52 61.72 61.62 61.65
65.69 65.62 65.54 65.42 65.32 65.28 65.2 65.21 65.2 65.15 65.13 65.1 64.88 64.96 65.01 64.84 64.71 64.63 64.35 64.2 63.92 63.4 62.7 62.49 62.29 62.53 62.54 62.51 62.44 62.09 62.07 62.05 62.12 62.14 62.1 62.14 62.13 62.12 62.08 62.07 62.08 62.11 62.14 62.26 62.16 62.15 62.24 61.71 62.14 62.13 61.98 61.89 62.1 62.08 62.13 62.15 61.99 62.19 61.15 61.47 61.49 61.48 61.81 62 61.91 61.93 62.14 61.93 61.97 61.77 61.84 61.75 61.6 61.55 61.64 61.79 61.64 61.69
65.75 65.62 65.55 65.43 65.43 65.3 65.26 65.26 65.26 65.18 65.16 65.06 64.94 64.92 64.97 64.75 64.64 64.57 64.31 64.16 63.93 63.88 62.86 62.71 62.32 62.53 62.49 62.44 62.4 62.09 62.03 62.15 62.16 62.16 62.13 62.18 62.14 62.13 62.06 62.09 62.15 62.4 62.36 62.21 62.17 62.13 62.09 61.7 62.09 62.07 62 61.97 62.01 62.14 62.2 62.12 62.02 62.27 60.9 61.53 61.47 61.52 61.76 61.76 61.84 62.01 62.06 61.92 62.02 61.83 61.79 61.68 61.48 61.6 61.66 61.7 61.84 61.63
65.78 65.62 65.54 65.45 65.45 65.43 65.39 65.36 65.36 65.28 65.34 65.25 64.78 64.84 64.75 64.74 64.51 64.49 64.4 64.2 63.97 63.78 62.72 62.48 62.37 62.54 62.49 62.45 62.41 62.08 62.01 62.14 62.14 62.15 62.19 62.15 62.14 62.14 62.22 62.12 62.19 62.29 62.37 62.13 62.28 62.21 62.02 61.83 62.23 62.01 62.03 61.96 61.95 62.14 62.2 61.99 61.98 62.28 60.95 61.49 61.49 60.96 61.76 61.83 61.88 62.04 62.01 61.91 61.94 61.86 61.8 61.62 61.51 61.69 61.62 61.58 61.61 62.15
