Dane przykładowe/DEM/NMT_przyklad.asc
ncols         439
nrows         475
xllcenter     355260
yllcenter     498440
cellsize      5
nodata_value  -9999
[rows 136 to 169 of 475, columns 312 to 389 of 439]
61.78 61.62 61.5 61.51 61.49 61.33 61.23 61.34 60.84 60.82 60.37 60.16 59.98 59.91 59.91 59.52 59.34 59.19 59.2 59.01 58.69 58.49 58.56 58.64 58.71 58.33 58.42 58.41 58.4 58.47 58.56 58.68 58.55 58.54 58.48 58.46 58.44 58.48 58.41 58.28 58.31 58.46 58.59 58.65 59.33 59.22 59.04 59.2 59.67 59.92 59.87 59.98 60.01 60.02 59.94 59.81 59.81 59.8 59.72 59.58 59.38 59.32 59.23 59.15 59.12 59.07 59.04 58.33 57.69 57.56 57.45 57.24 57.12 57.19 57.18 57.05 57.17 57.46
61.68 61.66 61.77 61.49 61.42 61.43 61.18 60.88 60.84 60.44 60.28 60.38 60.04 59.97 59.87 59.57 59.33 59.02 58.9 58.77 58.54 58.43 58.45 58.42 58.33 58.48 58.38 58.41 58.46 58.45 58.68 58.67 58.56 58.59 58.52 58.47 58.47 58.45 58.41 58.37 58.39 58.34 58.37 58.55 58.61 58.85 58.97 58.99 59.02 59.19 59.34 59.48 59.72 59.91 59.93 59.84 59.96 59.77 59.59 59.47 59.3 59.36 59.3 59.28 59.43 59.27 59.13 57.95 57.71 57.54 57.38 57.31 57.17 57.2 57.21 57.16 57.16 57.59
61.58 61.64 61.44 61.31 61.25 61.28 61.07 60.81 60.7 60.42 60.25 60.11 59.99 59.93 59.78 59.44 59.29 59.14 58.9 58.66 58.53 58.46 58.55 58.45 58.42 58.32 58.22 58.59 58.71 58.5 58.68 58.47 58.52 58.56 58.5 58.5 58.53 58.48 58.39 58.38 58.4 58.39 58.55 58.58 58.77 58.81 58.98 59.16 59.24 59.41 59.56 59.63 59.76 59.86 59.87 59.88 59.96 59.88 59.71 59.53 59.25 59.27 59.41 59.44 59.61 59.28 59.1 57.95 57.77 57.58 57.43 57.38 57.38 57.12 57.39 57.57 57.17 57.55
61.47 61.35 61.29 61.15 61.15 61.03 60.88 60.91 60.55 60.62 60.2 60.17 60 59.77 59.7 59.45 59.33 59.08 58.83 58.68 58.49 58.32 58.11 58.1 58.5 58.49 58.42 58.36 58.37 58.45 58.72 58.94 58.32 58.47 58.52 58.46 58.47 58.53 58.52 58.48 58.51 58.45 58.61 59.17 58.81 58.89 58.99 59.05 59.15 59.46 59.7 59.83 59.84 59.87 59.84 59.87 60.08 60.33 60.46 59.99 59.12 59.23 59.67 59.52 59.38 59.16 59.07 58.67 57.87 57.65 57.5 57.43 57.39 56.94 57.4 57.36 57.19 57.48
61.5 61.4 61.19 61 60.98 60.83 60.75 60.6 60.68 60.48 60.07 60.11 59.85 59.62 59.43 59.38 59.18 58.93 58.77 58.5 58.51 58.53 58.28 58.13 58.08 58.29 58.48 58.43 58.46 58.51 58.63 58.5 58.41 58.49 58.63 58.52 58.46 58.37 58.44 58.43 58.52 58.59 58.78 58.97 58.81 58.95 58.96 59.09 59.22 59.58 59.8 59.75 59.76 60.01 59.93 59.81 59.93 59.84 59.63 59.54 59.04 59.08 59.06 59.26 59.13 59.09 59.06 58.85 57.99 57.87 57.67 57.5 57.34 57.3 57.34 57.26 57.25 57.56
61.41 61.39 61.18 60.98 60.86 60.67 60.64 60.54 60.43 60.4 60.07 59.97 59.78 59.61 59.53 59.23 59.1 58.94 58.74 58.52 58.41 58.58 58.55 58.2 58.24 58.36 58.61 58.62 58.58 58.62 58.64 58.62 58.68 58.53 58.46 58.47 58.54 58.65 59.33 60.07 58.53 58.48 58.67 58.75 58.75 58.94 59.02 59.19 59.32 59.65 59.88 59.39 59.52 60 59.86 59.87 60.03 59.65 59.47 59.42 59.11 59.45 59.44 58.92 58.71 58.62 58.57 58.63 58.07 57.88 57.65 57.49 57.3 57.34 57.31 57.44 57.33 57.39
60.4 60.23 61.21 61.07 60.81 60.62 60.45 60.32 60.3 60.15 59.99 60.06 59.79 59.59 59.4 59.13 58.94 58.75 58.53 58.48 58.51 58.51 58.44 58.6 58.46 58.74 58.58 58.6 58.65 58.67 58.76 58.73 58.59 58.49 58.6 58.48 58.4 58.47 58.48 58.56 59.01 58.5 58.59 58.65 58.7 58.87 58.99 59.25 59.42 59.72 59.51 59.27 59.23 59.61 59.99 59.83 59.8 59.59 59.43 59.26 59.08 59.42 59.07 58.87 58.8 58.76 58.65 58.46 58.25 57.89 57.92 57.75 57.58 57.67 57.56 57.46 57.37 57.45
60.64 60.43 60.26 60.15 60.3 60.6 60.45 60.29 60.14 60.03 59.96 59.91 59.67 59.53 59.19 59.02 58.76 58.89 58.6 58.53 58.63 58.66 58.55 58.43 58.6 58.72 58.55 58.57 58.64 58.8 58.83 58.79 58.67 58.6 58.59 58.61 58.52 58.52 58.56 58.56 58.56 58.59 58.56 58.74 58.88 58.94 59.18 59.3 59.52 59.9 59.72 59.71 59.76 59.82 59.77 59.88 59.85 59.73 59.86 59.27 59.13 59.11 59.06 59.16 58.97 58.87 58.6 58.48 58.28 57.97 57.95 57.76 57.63 57.58 57.54 57.6 57.43 57.43
60.81 60.59 60.51 60.37 60.34 60.52 60.43 60.3 60.03 59.92 59.81 59.73 59.6 59.51 59.13 58.89 58.92 58.71 58.62 58.72 58.71 58.71 58.64 58.55 58.88 59.14 59.1 58.7 58.77 58.85 58.92 58.86 58.84 59.27 58.75 58.73 58.62 58.57 58.57 58.59 58.56 58.6 58.65 58.74 58.74 58.94 59.3 60.08 59.79 59.78 59.64 59.66 59.66 59.75 59.84 59.77 59.94 59.98 59.91 59.88 59.87 59.78 59.72 59.48 59.31 58.98 59 58.98 58.57 58.3 57.94 57.76 57.65 57.59 57.53 57.49 57.52 57.47
60.96 60.76 60.68 60.58 60.52 61.12 60.58 60.39 60.23 59.91 59.71 59.64 59.52 59.49 59.45 59.28 59.14 58.86 58.82 58.72 58.99 59 58.86 58.69 59.11 59.22 59.19 59.25 59.3 59.08 58.79 58.79 58.91 58.88 58.76 58.66 58.6 58.6 58.67 58.73 58.64 58.62 58.67 58.71 58.77 59.03 59.19 59.65 59.62 59.82 59.96 59.79 59.73 59.91 59.85 59.79 59.93 59.89 59.79 59.85 59.74 59.71 59.74 59.63 59.56 59.28 58.97 59 58.55 58.45 58.41 58.35 58.16 58.16 57.85 57.83 57.56 57.72
60.83 60.88 60.81 60.66 60.73 60.65 60.45 60.25 59.33 59.84 59.8 59.64 59.51 59.43 59.3 59.14 59.17 59.08 58.71 58.41 58.71 59.02 59.23 59.08 59.13 59.4 59.45 59.27 59.23 59.18 59.16 58.99 58.82 58.84 58.8 58.77 58.62 58.66 58.66 58.67 58.9 58.78 58.82 58.87 58.86 59.02 59.17 59.36 59.42 59.5 59.78 59.97 60.01 59.97 59.79 59.81 59.77 59.83 59.8 59.73 59.71 59.74 59.7 59.53 59.51 59.32 58.56 58.97 58.52 58.51 58.39 58.29 58.25 58.15 58.25 58.08 57.63 57.75
60.77 60.52 60.71 60.66 60.75 60.42 60.11 59.76 59.49 59.77 59.23 59.04 59.41 59.45 59.24 59.24 59.22 59.13 59.22 58.88 58.84 59.1 59.19 59.32 59.12 59.31 59.46 59.28 59.07 58.95 59.1 59.07 58.94 58.93 58.77 58.91 59.07 58.71 58.66 58.66 58.73 58.81 58.91 58.98 59.38 59.24 59.23 59.5 59.52 59.66 59.87 59.89 59.99 59.88 59.74 59.76 60.2 60.14 59.97 60.06 59.88 59.75 59.65 59.5 59.42 59.34 59.24 58.82 58.6 58.58 58.37 58.25 58.25 58.16 58.41 58.08 57.69 57.87
60.69 60.63 60.53 60.49 60.65 60.34 59.93 59.48 59.84 59.65 58.88 58.82 58.99 59.27 59.1 59.23 59.28 59.15 59.17 59.1 59.09 59.15 59.16 59.17 59.19 59.2 59.2 59.2 59.18 59.12 59.11 58.96 58.93 58.72 58.77 58.8 58.78 58.81 58.72 58.74 58.77 58.83 59.1 59.05 59.27 59.49 59.45 59.52 59.6 60.11 59.87 59.9 59.93 59.9 59.76 59.69 59.72 59.65 59.61 59.64 59.56 59.64 59.79 59.54 59.48 59.47 59.37 59.21 58.74 58.62 58.41 58.21 58.11 58.11 58.04 57.9 57.73 57.34
60.66 60.58 60.53 60.57 60.82 60.34 59.89 59.51 59.81 59.67 58.97 58.7 58.67 58.86 58.96 59.15 59.12 59.15 59.09 59.09 59.1 59.08 59.09 59.17 59.16 59.14 59.27 59.35 59.02 59.15 59.07 59.13 58.88 58.77 58.82 58.78 58.75 58.66 58.62 58.72 58.69 58.66 58.96 59.04 59.19 59.41 59.42 59.65 59.69 60.44 60.37 60.12 60.17 60.11 59.78 59.66 59.8 59.96 59.85 59.89 59.74 59.39 59.77 59.62 59.55 59.42 59.29 59.14 58.56 58.44 58.26 58.25 58.19 58.17 58.12 58.07 57.76 57.92
60.59 60.52 60.43 60.53 60.56 60.32 60.07 59.65 59.73 59.51 58.73 58.67 58.63 58.83 59.03 59.03 58.63 58.53 59.02 59.05 59.04 59.07 59.12 59.08 59.15 59.16 59.24 59.21 59.12 59.13 59.16 58.99 59.07 58.88 58.98 58.71 58.83 58.57 58.68 58.68 58.62 58.64 59 59.32 59.34 59.38 59.49 59.52 59.83 60.14 60.16 60.25 60.22 60.18 59.96 59.57 59.77 59.8 59.82 59.83 59.77 59.76 59.94 59.68 59.3 58.76 59.4 59.23 58.52 58.51 58.28 58.3 58.19 58.17 58.26 58.12 57.72 57.94
60.5 60.44 60.48 60.6 60.38 60.14 59.93 59.7 59.82 59.2 58.67 58.57 58.73 58.96 59.04 59.2 59.12 59.02 59 58.91 59.11 59.2 59.09 59.06 59.17 59.11 59.2 59.22 59.2 59.21 59.08 59.05 59.02 58.92 58.95 58.85 59.16 59.1 58.68 58.8 58.58 58.72 59.32 59.35 59.4 59.4 59.5 59.6 59.75 59.98 60.11 60.17 60.17 60.15 59.82 59.51 59.61 59.77 59.68 59.59 59.74 59.83 60.07 59.14 59.57 59.39 59.23 59.07 58.85 58.59 58.4 58.32 58.2 58.04 57.13 57.73 57.7 57.56
60.49 60.37 60.5 60.49 60.25 60 59.73 59.71 59.34 58.9 58.66 58.56 58.97 58.96 59.16 59.09 59.09 59.09 58.91 58.92 59.1 59.26 59.19 59.2 59.2 59.18 59.14 59.19 59.17 59.21 59.26 59.17 59.07 59.21 58.97 58.93 59.28 59.39 59.33 59.17 58.89 58.89 59.31 59.38 59.48 59.43 59.52 59.68 59.76 59.81 59.94 60 60.2 60.09 59.92 59.42 59.53 60.06 60.04 59.98 60.02 59.95 59.99 59.82 59.76 59.55 59.45 59.41 59.07 58.76 58.51 58.27 58.12 58.09 58.02 57.87 57.66 57.69
60.31 60.32 60.14 60.17 60.04 59.84 59.67 59.58 58.96 58.72 58.65 58.65 59.04 58.97 59.03 59.04 59.01 59.06 58.84 59.02 59.11 59.27 59.42 59.26 59.23 59.25 59.22 59.21 59.2 59.2 59.22 59.18 59.25 59.25 59.11 59.26 59.33 59.33 59.2 59.06 58.91 59.02 58.94 59.42 59.37 59.58 59.64 59.73 59.85 59.77 59.8 59.77 60.04 59.97 59.86 59.33 59.39 59.92 60.2 59.98 59.89 59.83 59.78 59.77 59.71 59.63 59.45 59.32 58.91 58.74 58.56 58.35 58.26 58.4 58.21 57.86 57.63 57.67
60.13 59.93 60.05 59.91 59.85 59.71 59.62 58.94 58.36 58.49 58.64 58.84 58.91 59.01 59.05 59.04 59.06 58.87 58.75 58.98 59.13 59.24 59.33 59.5 59.33 59.47 59.25 59.21 59.3 59.28 59.2 59.19 59.21 59.18 59.14 59.23 59.36 59.23 59.18 59.06 58.99 59.26 59.68 59.46 59.42 59.47 59.67 59.87 59.84 59.81 59.85 59.89 59.92 59.9 59.66 59.25 59.33 59.67 60.08 59.86 59.99 59.78 59.79 59.77 59.65 59.61 59.47 59.32 58.96 58.73 58.55 58.4 58.31 57.95 57.17 57.6 57.54 57.71
60.01 59.88 59.92 59.89 59.82 59.63 59.57 58.76 58.4 58.8 58.91 58.89 58.9 59.05 59.14 59.1 59.15 58.87 58.82 59.07 59.18 59.32 59.27 59.43 59.34 59.37 59.35 59.22 59.15 59.39 59.38 59.3 59.27 59.16 59.18 59.22 59.16 59.28 59.34 59.23 59.1 59.31 59.45 59.41 59.46 59.45 59.71 59.67 59.69 60.12 59.72 59.89 60.05 59.93 59.73 59.26 59.23 59.7 59.85 59.73 59.8 59.7 59.68 59.67 59.64 59.6 59.36 59.53 59.31 59.04 58.73 58.52 58.45 57.85 57.11 57.55 57.52 57.59
59.89 59.88 59.89 59.85 59.85 59.68 59.38 59.16 58.9 58.91 59.07 58.94 58.87 59.1 59.07 59.05 58.97 58.76 59.03 59.07 59.1 59.16 59.27 59.28 59.26 59.23 59.46 59.32 59.26 59.32 59.36 59.32 59.25 59.1 59.14 59.17 59.02 59.06 59.1 59.12 59.16 59.23 59.34 59.37 59.41 59.51 59.61 59.59 59.73 59.8 59.77 59.29 59.49 59.95 59.7 59.21 59.18 59.51 59.58 59.59 59.51 59.74 59.73 59.66 59.61 59.28 59.2 59.22 59.07 58.9 58.69 58.55 57.8 57.72 57.83 57.61 57.5 57.3
59.89 59.9 59.88 59.84 59.85 59.76 59.33 59.35 59.2 59.04 59.07 58.88 58.97 59.18 59.09 58.94 58.81 58.66 59.04 58.99 59.18 59.32 59.32 59.28 59.28 59.3 59.51 59.56 59.4 58.79 59.32 59.33 59.5 59.34 59.21 59.38 59.28 59.15 59.01 59.03 59.03 59.09 59.14 59.21 59.4 59.3 59.49 59.51 59.7 59.87 59.71 59.46 59.58 59.7 59.79 59.23 59.17 59.35 59.51 59.57 59.61 59.64 59.6 59.23 58.97 58.87 59.06 59.07 59.03 58.8 58.55 58.47 58.14 58.1 57.83 57.6 57.44 57.2
59.89 59.85 59.86 59.86 59.85 59.36 59.34 59.32 59.18 59.13 59.02 58.83 59.08 59.11 59.01 58.98 58.75 58.82 59.01 59.15 59.3 59.29 59.29 59.2 59.18 59.34 59.23 59.24 59.45 59.41 59.23 59.3 59.41 59.45 59.23 59.29 59.27 59.25 59.19 59.26 59.21 59.07 59.07 59.1 59.21 59.21 59.33 59.41 59.79 59.79 59.61 59.6 59.58 59.77 59.79 59.27 59.13 59.35 59.38 59.3 59.12 59.32 59.3 59.08 58.85 58.87 59.01 59.03 58.96 58.78 58.64 58.38 58.06 57.72 57.58 57.58 57.4 57.4
59.87 59.87 59.85 59.88 59.84 59.37 61.07 60.62 60.12 59.13 58.97 58.82 59.08 59.07 59 58.93 58.65 58.84 58.92 59.04 59.16 59.22 59.31 59.23 59.21 59.31 59.27 59.22 59.24 59.29 59.32 59.39 59.29 59.31 59.29 59.36 59.32 59.28 59.22 59.31 59.3 59.12 59.18 59.18 59.25 59.18 59.26 59.29 59.27 59.37 59.4 59.75 59.71 59.73 59.75 59.28 59.18 59.29 59.32 59.04 58.83 58.8 58.78 58.82 58.73 58.7 58.87 58.84 58.78 58.73 58.58 58.19 57.93 57.78 57.59 57.47 57.39 57.29
59.85 59.85 59.88 59.87 59.39 59.33 61.07 61.08 60.53 59.15 58.86 58.96 59.11 59.12 58.99 58.71 58.64 58.86 58.84 58.97 59.07 59.17 59.24 59.21 59.25 59.33 59.3 59.22 59.25 59.5 59.35 59.31 59.35 59.26 59.36 59.23 59.3 59.2 59.19 59.09 58.84 58.95 59.19 59.15 59.36 59.32 59.51 59.44 59.33 59.28 59.31 59.26 59.2 59.28 59.38 59.18 59.15 59.27 59.24 59 58.68 58.62 58.65 58.64 58.63 58.53 58.65 58.53 58.47 58.34 58.03 57.81 57.76 57.58 57.52 57.44 57.42 57.54
59.85 59.86 59.86 59.87 59.35 61.12 61.09 61.09 59.97 59.69 58.81 59.01 59.08 59.03 59.02 58.61 58.59 58.75 58.85 59.03 59.09 59.29 59.31 59.34 59.37 59.32 59.23 59.5 59.33 59.38 59.42 59.24 59.33 59.21 59.89 59.36 59.38 59.25 59.3 59.15 59.18 59.21 59.26 59.27 59.27 59.4 59.54 59.5 59.6 59.62 59.55 59.29 59.22 59.22 59.17 59.14 59.05 59.04 58.96 58.83 58.69 58.64 58.56 58.58 58.47 58.33 57.23 58 58.22 57.94 57.83 57.71 57.58 57.52 57.37 57.69 57.29 56.73
59.87 59.86 59.79 59.71 59.25 59.83 60.6 60.86 59.63 59 58.8 59.12 59.11 59.03 58.83 58.59 58.73 58.76 58.82 58.9 59.02 59.29 59.35 59.26 59.33 59.24 59.11 59.13 59.12 59.09 59.17 59.19 59.3 59.31 59.38 59.58 59.37 59.4 59.29 59.14 59.15 59.25 59.33 59.24 59.41 59.44 59.51 59.55 59.6 59.65 59.77 59.8 59.63 59.49 59.48 59.23 58.97 58.91 59.04 58.7 58.62 58.5 58.39 58.3 58.23 58.14 57.88 58.15 57.94 57.81 57.71 57.64 57.38 57.91 57.02 56.76 56.72 56.69
59.89 59.85 59.73 59.31 59.16 59.52 59.93 60.4 59.21 58.78 58.82 59.06 59.04 58.96 58.73 58.47 58.69 58.68 58.75 58.93 59.04 59.22 59.24 59.3 59.31 59.23 59.19 59.07 59.14 59.13 59.15 59.24 59.28 59.36 59.39 59.53 59.44 59.28 59.28 59.15 59.14 59.26 59.35 59.32 59.34 59.43 59.47 59.63 59.56 59.59 59.69 59.89 59.78 59.64 59.57 59.41 59 58.83 59.02 58.83 58.72 58.5 58.39 58.25 58.13 58.01 57.97 57.9 57.82 57.76 57.92 57.83 56.77 56.76 56.75 56.71 56.72 56.78
59.42 59.83 59.66 59.17 59 59.42 59.89 60.03 59.02 58.86 58.81 58.73 58.76 58.86 58.55 58.57 58.56 58.56 58.69 58.86 59.07 59.16 59.28 59.53 59.27 59.22 59.26 59.09 59.34 59.21 59.13 59.36 59.29 59.34 59.19 59.27 59.51 59.29 59.13 59.05 59.13 59.32 59.36 59.35 59.26 59.35 59.57 59.65 59.57 59.57 59.66 60.36 59.85 59.83 59.54 59.35 58.79 58.74 58.88 58.85 58.69 58.56 58.39 58.27 58.07 57.97 57.93 57.9 58.16 57.95 56.81 56.74 56.75 56.73 56.78 56.8 56.81 56.81
57.54 59.12 58.89 58.53 58.57 59.1 59.6 59.27 58.93 58.83 58.84 58.83 58.61 58.61 58.53 58.63 58.49 58.48 58.6 58.84 59.06 59.4 59.3 59.42 59.17 59.26 59.24 59.26 59.26 59.18 59.39 59.47 59.34 59.17 59 59.06 59.31 59.21 59.18 59.02 59.07 59.23 59.39 59.29 59.3 59.39 59.51 59.76 59.64 59.82 60.03 60.02 60.06 59.95 59.58 59.56 58.78 58.66 58.66 58.63 58.65 58.42 58.23 58.17 58.11 58.01 58.25 57.99 57.46 56.77 56.74 56.71 56.72 56.8 56.75 56.79 56.8 56.83
58.27 57.4 58.77 58.5 58.56 58.88 59.3 59.16 58.9 59.04 58.91 58.7 58.95 58.53 58.48 58.63 58.5 58.54 58.57 58.85 59.03 59.25 59.28 59.26 59.26 59.2 59.16 59.19 59.22 59.14 59.35 59.36 59.45 59.39 59.41 59.1 59.08 59.13 59.08 59.04 59.03 59.32 59.31 59.27 59.29 59.21 59.55 59.65 59.6 59.67 59.87 59.95 60.02 60.06 59.63 59.24 58.71 58.55 58.58 58.46 58.4 58.37 58.28 58.35 58.37 57.94 57.67 57.29 56.77 56.77 56.74 56.75 56.77 56.78 56.79 56.79 56.83 56.82
58.29 58.31 56.98 58.34 58.62 58.7 59.07 59.1 58.93 59.07 59.06 58.98 58.78 58.54 58.58 58.58 58.57 58.48 58.53 58.75 58.87 59.08 59.24 59.3 59.36 59.48 59.42 59.25 59.38 59.28 59.44 59.4 59.12 59.19 59.18 59.13 59.13 59.08 59.13 59.12 59.06 59.12 59.54 59.29 59.3 59.21 59.53 59.62 59.54 59.62 59.76 59.96 60.13 60.1 59.46 59.29 58.59 58.49 58.63 58.52 58.39 58.4 58.35 58.26 57.97 57.71 57.48 56.97 56.77 56.75 56.74 56.79 56.79 56.8 56.82 56.82 56.79 56.82
58.3 58.19 58.33 57.87 57.46 58.67 58.87 58.96 58.96 58.99 59.07 59.02 58.93 58.57 58.61 58.59 58.59 58.43 58.62 58.84 58.91 59.26 61.05 59.17 59.43 59.68 59.46 59.59 59.47 59.45 59.42 59.37 59.27 59.3 59.15 59.22 59.2 59.03 59.11 59.1 59.05 59.09 59.23 59.32 59.21 59.18 59.34 59.53 59.57 59.7 59.85 60.03 60.1 60.17 59.69 59.68 58.53 58.41 58.62 58.7 58.34 58.27 58.53 58.14 57.9 57.72 57.34 56.79 56.75 56.79 56.76 56.78 56.81 56.83 56.84 56.83 56.8 56.82
58.42 58.2 58.23 58.45 58.03 57.81 58.71 59.08 58.95 59.01 59 58.97 58.69 58.61 58.74 58.7 58.63 58.62 58.82 58.93 59.03 59.26 59.43 59.39 59.19 59.3 59.3 59.43 59.38 59.44 59.38 59.43 59.52 59.51 59.31 59.26 59.27 59.14 59.06 59.1 58.98 59.13 59.3 59.38 59.2 59.21 59.31 59.59 59.85 59.73 59.84 59.99 60.12 60.29 59.61 59.71 58.59 58.35 58.49 58.63 58.46 58.3 58.36 58.23 57.72 57.52 57.2 56.77 56.77 56.79 56.8 56.85 56.83 56.82 56.83 56.81 56.87 56.88
