Dane przykładowe/DEM/NMT_przyklad.asc
ncols         439
nrows         475
xllcenter     355260
yllcenter     498440
cellsize      5
nodata_value  -9999
[rows 68 to 101 of 475, columns 156 to 233 of 439]
66.3 66.18 66.36 66.55 66.63 66.61 67.43 67.32 66.95 66.57 66.18 65.83 65.54 64.2 64.2 64.35 64.3 64.22 64.2 63.88 63.81 63.78 63.58 63.39 63.29 63.06 63.02 62.94 62.87 62.86 62.81 62.92 62.8 62.76 62.65 62.2 61.52 60.51 61.19 61.41 61.51 61.43 61.44 61.23 61.07 61.18 61 61.36 61.25 62.11 62.38 63.19 62.83 63.91 63.14 62.65 62.68 62.66 62.71 63.13 62.77 62.85 62.86 62.69 62.63 62.53 62.53 62.49 62.45 62.4 62.42 62.48 62.26 62.54 62.49 62.53 62.32 62.43
65.46 65.59 65.9 66.02 66.31 66.43 67.7 67.5 67.04 66.69 66.48 66.13 65.32 64.09 64.24 64.36 64.19 64.2 64.05 63.95 63.86 63.83 63.74 63.53 63.34 63.26 63.47 63.07 63.01 62.85 62.74 62.75 62.78 62.78 62.81 62.66 62.67 62.49 60.79 60.68 61.42 61.18 61.46 61.52 61.19 61.1 61.04 61.12 61.03 61.06 61.05 61.91 62.3 62.26 62.28 62.71 62.59 62.67 62.78 62.69 62.76 62.72 62.9 62.57 62.52 62.41 62.45 62.28 62.27 62.21 62.22 62.28 62.16 62.56 62.45 62.38 62.29 62.39
64.83 65.04 64.48 65.1 65.02 65.53 65.66 65.54 66.25 65.06 65.39 65.55 64.64 64.08 64.15 64.35 64.06 64.06 64.02 64.02 63.86 63.75 63.66 63.53 63.38 63.56 63.4 63.12 63.09 62.99 62.89 62.8 62.64 62.63 62.61 62.6 62.59 62.75 62.53 61 60.52 61.38 61.4 61.36 61.37 61.35 61.35 61.1 61.09 61.03 61 60.89 60.94 61 61.22 62.26 62.82 62.96 62.82 62.68 62.68 62.75 62.69 62.44 62.35 62.29 62.23 62.25 62.23 62.21 62.18 62.17 62.18 62.35 62.27 62.28 62.25 62.32
64.53 64.81 64.29 64.31 64.28 64.52 64.68 64.21 64.19 64.3 64.26 64.39 64.19 64.04 64.14 64.21 64.2 64.03 64.02 63.7 63.59 63.73 63.57 63.45 63.47 63.6 63.41 63.12 63.07 63.04 63.05 62.9 62.99 62.8 62.53 62.54 62.57 62.71 62.8 62.77 62.22 60.64 60.35 61.34 61.23 61.39 61.42 61.32 61.11 61.2 61.05 60.89 60.96 60.94 60.85 60.92 62.45 62.68 62.83 63.15 62.64 62.73 63.47 62.4 62.31 62.33 62.29 62.25 62.21 62.22 62.2 62.21 62.16 62.22 62.23 62.24 62.28 62.28
64.49 64.61 64.2 64.07 64.19 64.09 64.08 64.1 64.16 64.16 64.08 64.07 64.01 63.95 64.14 64.3 64.15 63.99 63.82 63.87 63.66 63.39 63.39 63.43 63.54 63.55 63.42 63.11 63.15 63.01 63.15 63.07 62.96 62.92 62.7 62.66 62.51 62.54 62.54 62.73 62.75 62.52 61.98 60.24 60.33 61.34 61.3 61.35 61.36 61.23 61.17 61.19 60.92 60.95 60.89 60.9 61.21 62.55 62.82 62.47 62.91 62.78 62.88 62.4 62.37 62.42 62.42 62.25 62.31 62.34 62.25 62.26 62.31 62.28 62.28 62.27 62.27 62.3
64.32 63.98 64 63.89 63.91 64.04 63.96 64.05 63.96 63.99 63.87 63.79 63.91 63.87 64.02 64.07 63.99 63.94 63.87 63.79 63.72 63.5 63.39 63.61 63.38 63.45 63.31 63.05 63.07 63.07 63.16 63.26 63.17 63.11 62.84 62.84 62.75 62.63 62.51 62.5 62.48 62.66 62.58 62.5 61.32 60.35 61.19 61.17 61.18 61.2 61.27 61.08 60.92 60.96 60.99 60.96 60.79 60.65 61.01 61.16 61.51 62.62 62.57 62.45 62.43 62.5 62.43 62.36 62.35 62.38 62.24 62.24 62.29 62.32 62.3 62.28 62.32 62.3
63.61 63.94 63.93 63.92 63.93 63.96 63.91 63.86 63.87 63.69 63.68 63.72 63.87 63.85 63.93 63.97 63.92 63.9 63.88 63.89 63.76 63.71 63.48 63.53 63.37 63.56 63.32 63.37 63.23 63.19 63.15 63.18 63.17 63.03 62.89 62.81 62.75 62.81 62.69 62.55 62.43 62.44 62.58 62.69 62.48 62.15 60.24 60.99 61.22 61.17 61.27 61.15 61.06 60.96 60.96 60.99 60.96 60.74 60.47 61.12 61.1 62.58 62.78 62.5 62.58 62.61 62.6 62.71 62.52 62.48 62.29 62.25 62.29 62.31 62.29 62.26 62.25 62.4
64 64.45 64.28 63.86 63.94 63.92 63.92 63.91 63.93 63.94 63.93 63.97 63.82 63.89 63.91 64.09 64.15 63.84 63.88 63.8 63.67 63.52 63.49 63.45 63.54 63.59 63.57 63.55 63.31 63.25 63.18 63.06 63.13 63.03 62.85 62.86 62.94 62.87 62.7 62.61 62.58 62.36 62.36 62.37 62.58 62.61 62.3 60.8 60.19 61.1 61.12 61.13 61.17 61.17 61.01 60.94 61.03 60.75 60.45 60.51 61.09 62.44 62.7 62.73 62.79 62.93 63 62.93 62.76 62.58 62.42 62.27 62.26 62.28 62.25 62.24 62.21 62.37
63.86 64.22 64.06 63.88 63.91 63.87 63.78 63.83 63.97 63.79 63.79 63.89 63.77 63.86 63.9 64.07 64.15 63.88 63.81 63.84 63.64 63.55 63.49 63.39 63.47 64 63.93 63.76 63.37 63.23 63.2 63.03 62.99 62.91 62.91 63.08 63 62.85 62.7 62.67 62.68 62.66 62.44 62.31 62.34 62.34 62.39 62.32 61.64 60.3 60.87 61.17 60.98 61.13 61.3 61.19 61.07 60.7 60.55 60.4 60.43 61.44 62.5 62.82 62.88 62.89 63.34 63.17 62.91 62.6 62.45 62.24 62.22 62.27 62.19 62.14 62.15 62.36
63.86 63.93 63.94 63.91 63.8 63.76 63.93 63.99 64.09 64.02 63.9 63.94 63.73 63.86 63.78 63.83 63.8 63.85 63.84 63.83 63.81 63.61 63.53 63.45 63.63 63.7 63.66 63.75 63.41 63.29 63.1 63 62.86 62.93 62.94 63.05 62.84 62.86 62.68 62.75 62.82 62.79 62.47 62.65 62.29 62.26 62.35 62.53 62.39 62.33 60.66 60.32 61.09 61.32 61.24 61.21 61.17 60.73 60.6 60.55 60.47 60.73 62.37 62.76 62.91 62.94 63.18 62.93 62.69 62.46 62.34 62.18 62.25 62.25 62.27 62.26 62.42 62.29
63.86 63.76 63.76 63.82 63.72 63.76 64.02 63.98 63.96 63.95 63.96 63.9 63.72 63.87 63.97 63.76 63.75 63.69 63.67 63.87 63.83 63.73 63.72 63.67 63.74 63.61 63.73 63.79 63.68 63.27 63.21 63.2 62.79 62.86 63 63.09 63.36 62.94 62.75 62.85 62.87 62.69 62.7 62.4 62.59 62.28 62.29 62.27 62.39 62.4 62.28 61.44 60.38 60.81 61.31 61.12 61.25 60.88 60.51 60.51 60.47 60.51 62.29 62.53 62.5 62.58 62.68 62.66 62.6 62.54 62.49 62.21 62.22 62.26 62.3 62.27 62.27 62.24
63.79 63.83 63.96 63.82 63.7 63.87 63.65 63.91 64.13 64.18 64.02 63.8 63.74 63.91 64.06 64.11 64.13 63.95 63.87 63.87 63.83 63.84 63.81 63.79 63.63 63.65 63.61 63.76 63.56 63.18 63.56 63.52 63.15 62.96 63.08 63.18 63.13 62.97 62.8 62.83 62.83 62.55 62.44 62.37 62.07 62.31 62.34 62.37 62.35 62.51 62.47 62.06 61.41 60.18 60.3 61.22 61.13 60.96 60.55 60.53 60.44 60.43 62.35 62.55 62.51 62.53 62.68 62.62 62.57 62.51 62.46 62.37 62.22 62.26 62.26 62.25 62.25 62.2
63.8 63.81 63.83 63.89 63.91 63.86 63.83 63.75 63.75 63.82 64.06 63.85 63.75 63.77 63.96 63.92 63.94 63.97 63.97 63.96 63.95 63.94 63.93 63.78 63.66 63.6 63.39 63.58 63.53 63.22 63.56 63.62 63.41 63.27 63.34 63.13 63.1 62.88 62.84 62.92 62.6 62.41 62.39 62.25 62.1 62.15 62.25 62.34 62.45 62.57 62.55 62.05 61.43 61.08 61.04 60.58 60.26 61.16 60.68 60.44 60.45 60.3 62.44 62.71 62.59 62.55 62.67 62.63 62.54 62.49 62.47 62.45 62.24 62.26 62.26 62.25 62.18 62.21
63.77 63.85 63.86 63.85 63.7 63.57 63.54 63.5 63.58 63.6 63.83 63.87 63.8 63.72 63.62 63.69 63.78 64.19 63.88 63.99 64.07 64.16 64.15 64.16 63.81 63.69 63.41 63.22 63.15 63.16 63.5 63.59 63.44 63.3 63.39 63.57 63.26 63.05 62.88 62.78 62.55 62.47 62.48 62.35 62.37 62.23 62.26 62.38 62.44 62.34 62.53 62.32 61.52 61.09 61.11 61.24 60.49 60.81 61.28 61.12 60.96 61.96 62.56 62.67 62.75 62.57 62.64 62.51 62.41 62.39 62.36 62.28 62.26 62.27 62.3 62.29 62.25 62.22
63.57 63.9 64.02 63.79 63.75 63.57 63.49 63.46 63.44 63.46 63.85 63.94 63.89 63.66 63.81 63.85 63.88 63.95 64.1 64.23 64.27 64.28 64.21 64.17 64.08 63.78 63.48 63.27 63.23 63.17 63.5 63.54 63.53 63.49 63.54 63.52 63.6 63.28 63.05 62.86 62.69 62.62 62.53 62.56 62.4 62.34 62.38 62.49 62.45 62.54 62.59 62.46 61.84 61.04 61.08 61.1 61.06 60.3 60.54 61 61.36 61.84 62.72 62.7 62.71 62.58 62.59 62.51 62.46 62.37 62.34 62.3 62.26 62.29 62.33 62.3 62.32 62.34
63.42 63.81 63.81 63.79 63.6 63.52 63.5 63.42 63.38 63.43 63.66 64.03 63.98 63.88 63.7 63.7 63.93 64.39 64.33 64.28 64.25 64.28 64.29 64.23 64.07 63.97 63.65 63.42 63.34 63.39 63.67 63.51 63.53 63.52 63.52 63.6 63.67 63.5 63.29 63.11 62.93 62.77 62.87 62.74 62.7 62.66 62.59 62.6 62.49 62.53 62.52 62.55 62.15 61.09 61.1 61.06 61.05 61.06 61.22 60.24 61.03 62.11 62.65 62.69 62.61 62.58 62.54 62.48 62.45 62.51 62.67 62.41 62.68 62.57 62.55 62.51 62.52 62.47
63.45 63.67 63.69 63.73 63.63 63.58 63.57 63.54 63.64 63.4 63.63 64.11 64.09 64.28 64.09 64.11 64.41 64.08 64.71 64.22 64.26 64.39 64.49 64.44 64.29 64.16 63.94 63.73 63.7 63.67 63.74 63.68 63.58 63.61 63.64 63.64 63.67 63.73 63.51 63.29 63.27 62.93 63.03 62.98 62.93 62.77 62.69 62.99 62.58 62.54 62.59 62.67 62.4 61.1 61.23 61.01 61.21 61.01 61.06 61.07 60.49 62.16 62.67 62.55 62.71 62.66 62.62 62.55 62.49 62.64 62.8 62.69 62.57 62.49 62.45 62.46 62.54 62.63
63.76 63.74 63.76 63.9 63.8 63.78 63.77 63.78 63.84 63.98 64.27 64.29 64.23 64.04 63.94 64.26 64.25 64.16 64.22 64.21 64.31 64.36 64.5 64.59 64.35 64.34 64.08 63.81 63.73 63.8 63.75 63.84 63.69 63.99 63.75 63.76 63.69 63.85 63.73 63.62 63.38 63.12 63.12 63.06 63 62.9 62.76 62.7 62.58 62.64 62.65 62.72 62.64 61.28 61.23 61.11 61.04 61.09 61.16 61.19 60.34 62.13 62.6 62.56 62.54 62.48 62.67 62.53 62.8 62.88 62.55 62.58 62.54 62.5 62.44 62.39 62.47 62.61
63.51 63.74 63.82 64.12 63.91 63.9 63.89 63.88 64.02 64.2 64.31 64.43 64.41 64.35 64.39 64.4 64.47 64.54 64.42 64.45 64.54 64.7 64.82 64.8 64.43 64.33 64.11 63.94 63.8 63.72 63.84 63.86 63.86 63.78 63.88 63.83 63.72 63.86 63.81 63.63 63.59 63.47 63.25 63.05 62.94 62.95 62.74 62.71 62.64 62.6 62.64 62.69 62.62 62.06 61.2 61.04 61.11 61.11 61.28 61.42 60.61 62.09 62.75 62.67 62.58 62.79 62.64 62.45 62.65 62.52 62.5 62.63 62.54 62.52 62.46 62.57 62.52 62.64
63.52 63.7 63.94 63.85 63.81 63.89 63.98 64.03 64.31 64.52 64.51 64.73 64.58 64.59 64.67 64.7 64.72 64.4 64.84 64.8 64.8 64.8 64.8 64.81 64.62 64.36 64.15 64.07 64.06 63.98 63.98 63.99 63.94 63.77 63.85 63.88 63.78 63.82 63.55 63.47 63.37 63.33 63.25 63.23 62.98 62.88 62.81 62.75 62.73 62.63 62.64 62.63 62.79 62.6 62.51 61.8 61.54 61.61 62.25 62.73 62.64 62.66 62.71 62.61 62.5 62.7 62.51 62.47 62.32 62.52 62.44 62.6 62.55 62.31 62.89 62.5 62.52 62.52
63.63 64.07 64.07 64.08 64.01 63.92 64.1 64.17 64.58 64.63 64.8 64.88 64.82 64.68 63.89 64.81 64.92 64.24 64.8 64.91 64.92 64.88 64.95 64.87 64.72 64.36 64.17 64.15 64.12 63.99 64.03 64.05 64.05 64.02 63.88 64.06 63.73 63.65 63.58 63.44 63.42 63.38 63.3 63.21 63.14 63.07 62.9 62.79 62.71 62.63 62.61 62.67 62.69 62.67 62.73 62.82 62.96 62.98 62.89 62.95 62.66 62.16 62.47 62.36 62.44 62.4 62.45 62.36 62.54 62.26 62.36 62.3 62.33 62.59 62.56 62.5 62.45 62.46
63.74 64.01 64.01 64.17 64.19 64.1 64.4 64.44 64.46 64.61 64.74 65.07 65.05 65.16 65.05 64.97 64.96 65.04 65.12 65.24 65.32 65.3 65.25 64.63 64.45 64.26 64.24 64.18 64.09 64.14 63.91 64.06 64.14 63.79 63.69 63.69 63.62 63.73 63.5 63.4 63.43 63.34 63.63 63.86 63.5 63.13 63.03 62.87 62.71 62.67 62.76 62.72 62.7 62.71 62.81 62.77 62.8 62.8 62.31 61.98 61.8 60.14 62.13 62.22 62.19 62.13 62.22 62.12 62.11 62.3 62.26 62.28 62.26 62.24 62.38 62.54 62.37 62.41
64.47 64.57 64.56 64.51 64.48 64.46 64.52 64.64 64.7 64.9 65.06 65.38 65.3 65.41 65.87 65.59 65.64 65.51 65.43 65.4 65.23 65.25 65.55 64.62 64.56 64.26 64.09 64.08 63.99 64 63.93 63.94 64.13 63.8 63.73 63.69 63.58 63.7 64.1 63.4 63.34 63.37 63.77 63.78 63.45 63.19 63.07 63.05 62.74 62.6 62.82 62.73 62.68 62.69 62.67 62.61 62.74 62.23 61.61 61.76 61.64 59.99 61.9 62.11 62.2 62.04 62.09 62.05 62.09 62.19 62.12 62.14 62.17 62.18 62.22 62.44 62.39 62.34
64.8 64.89 64.87 64.77 64.78 64.8 64.8 65 65.15 65.44 65.7 65.69 65.55 65.68 65.92 65.95 65.99 65.71 65.46 65.36 65.25 65.25 65.4 64.75 64.52 64.29 64.88 64.13 64.12 63.93 63.99 64.1 64.12 63.8 63.67 63.74 63.63 63.69 63.6 63.57 63.43 63.4 63.73 63.62 63.51 63.32 63.12 62.94 62.98 62.96 62.9 62.69 62.62 62.6 62.61 62.57 62.65 61.56 61.45 61.63 61.51 60.07 61.54 62.06 62.07 62.01 62.03 62.06 62.05 62.1 62.13 62.09 62.16 62.21 62.24 62.51 62.41 62.26
65.42 65.35 65.35 65.25 65.19 65.37 65.3 65.54 65.69 65.91 66.04 65.86 65.72 65.86 66.14 66.22 66.26 66.04 65.44 65.33 65.47 65.44 65.46 64.68 64.51 64.26 64.25 64.17 64.13 63.98 63.98 64.08 64.14 63.87 63.76 63.76 63.79 63.82 63.62 63.69 63.73 63.71 63.67 63.67 63.48 63.49 63.47 63.27 63.17 63.05 63.02 62.67 62.6 62.73 62.53 62.33 61.59 61.29 61.23 61.51 61.45 60.69 61.19 62.04 62.03 61.9 62 62.03 62.04 62.19 62.34 62.26 62.35 62.2 62.53 62.63 62.38 62.23
66.27 66.2 66.18 66 65.99 66.12 66.07 66.12 66.21 66.19 66.18 66.05 65.9 65.98 66.2 66.34 66.28 66.12 65.57 65.46 65.59 65.56 65.38 64.79 64.53 64.21 64.14 64.56 64.12 64.04 64.07 64.13 64.17 63.95 63.85 63.91 63.91 63.96 63.86 63.92 63.92 63.94 63.81 63.68 63.53 63.63 63.47 63.3 63.27 63.14 63.01 62.77 62.67 62.67 62.44 62.22 61.45 61.3 61.11 61.42 61.32 60.92 60.75 62.06 62.14 62.05 62.02 62.07 62.11 62.21 62.23 62.27 62.36 62.18 62.53 62.73 62.58 62.46
66.98 67.07 67.02 66.9 67.04 67.08 67.12 66.86 65.05 65.74 67.37 66.13 66.01 66.05 66.19 66.27 66.32 66.18 65.64 65.41 65.44 65.37 65.39 64.62 64.54 64.43 64.41 64.53 64.42 64.15 64.15 64.14 64.23 64.05 64.19 64.25 64.34 64.08 64.1 63.96 63.9 63.83 63.77 63.55 63.55 63.56 63.68 63.74 63.96 63.6 62.99 62.78 62.64 62.64 62.34 62.22 61.5 61.2 61.18 61.33 61.33 61.24 60.13 62 62.8 62.16 62.03 62.03 62.12 62.22 62.24 62.28 62.32 62.3 62.16 62.15 62.88 62.41
67.79 68.59 67.67 67.72 67.63 67.48 67.44 66.7 64.2 64.19 65.8 66.29 66.14 66.14 66.23 66.32 66.22 66.45 65.65 65.47 65.43 65.36 65.33 64.75 64.55 64.46 64.45 64.54 64.58 64.24 64.25 64.18 64.25 64.24 64.33 64.09 64.5 64.05 64.12 64.06 64.1 63.94 63.71 63.29 63.39 62.93 63.63 63.35 63.67 64.06 62.94 62.85 62.62 62.48 62.46 62.12 61.36 61.21 61.24 61.38 61.39 61.26 59.98 62.07 62.08 62.12 61.98 62.07 62.15 62.19 62.37 62.4 62.43 62.17 62.1 62.12 62.11 62.3
67.61 67.71 67.78 67.68 67.6 67.56 67.5 67.38 66.92 66.73 66.4 66.42 66.29 66.23 66.24 66.41 66.3 66.02 65.67 65.42 65.41 65.39 65.31 64.91 64.68 64.65 64.58 64.97 64.6 64.3 64.22 63.56 64.28 64.48 64.3 64.17 64.29 64.13 64.14 64.1 64.09 64 63.75 62.66 63.5 63.72 63.77 63.35 63.18 63.13 62.99 62.94 62.61 62.5 62.63 62.18 61.71 61.33 61.26 61.32 61.4 61.28 59.97 61.93 62.03 62.07 62.05 62.02 62.15 62.19 62.28 62.31 62.33 62.06 62.05 62.27 62.08 62.21
67 67.79 67.67 67.63 67.51 67.37 67.28 67.13 67.13 67.27 66.88 66.68 66.37 66.36 66.61 66.45 66.46 66.16 65.8 65.45 65.7 65.43 65.24 64.85 64.8 64.41 64.67 64.68 64.72 64.2 64.16 64.18 64.31 64.44 64.32 64.14 64.11 64.24 64.17 64.14 64.17 63.84 63.75 63.51 63.8 63.65 63.67 63.41 63.27 63.08 62.95 62.72 62.6 62.58 62.64 62.29 62.18 61.51 61.54 61.37 61.4 61.24 60.05 61.83 61.84 61.99 62.1 62.11 62.18 62.19 62.34 62.33 62.26 62.22 62.05 61.98 62.06 62.24
66.67 67.77 67.67 67.55 67.36 67.26 67.15 67.1 67.13 67.31 66.9 66.62 66.42 66.48 66.53 66.46 66.22 66.03 65.97 65.48 65.41 65.29 65.17 64.71 64.79 64.57 64.6 64.73 64.73 64.34 64.38 64.41 64.36 64.32 64.31 64.26 64.2 64.12 64.06 64.01 63.82 63.7 63.58 63.5 63.42 63.34 63.22 63.12 63 62.9 62.84 62.71 62.6 62.56 62.57 62.45 62.08 61.58 61.4 61.27 61.48 61.37 60.06 61.78 61.9 61.96 62.04 62.14 62.27 62.3 62.31 62.37 62.22 62.1 61.92 61.99 61.99 62.1
66.7 67.59 67.74 67.52 67.41 67.27 67.37 67.04 67.05 66.95 66.85 66.7 66.51 66.52 66.5 66.37 66.15 66.07 65.79 65.52 65.42 65.17 65.05 64.92 64.84 64.84 64.72 64.68 64.56 64.51 64.42 64.35 64.33 64.26 64.23 64.18 64.12 64.08 64.02 63.92 63.83 63.71 63.6 63.49 63.39 63.28 63.16 63.06 62.99 62.92 62.86 62.81 62.66 62.54 62.39 62.53 61.96 61.61 61.39 61.25 61.42 61.4 59.97 61.76 61.89 61.93 62 62.16 62.82 62.64 62.54 62.33 62.11 62.02 61.92 61.99 62 62.06
67.39 67.85 67.6 67.37 67.34 67.28 67.15 67.11 67.1 67 66.88 66.82 66.52 66.48 66.24 66.06 65.95 65.79 65.6 65.48 65.34 65.16 65.06 64.94 64.86 64.81 64.67 64.62 64.58 64.46 64.4 64.34 64.3 64.29 64.29 64.28 64.2 64.01 64.12 64.09 63.9 63.85 63.77 63.76 63.78 63.77 63.76 63.25 63.13 62.82 62.66 62.72 62.69 62.5 62.49 62.57 62.07 61.75 61.49 61.35 61.47 61.46 60 61.6 61.87 61.9 61.98 62.09 62.15 62.24 62.2 62.12 62.17 61.96 62 62.13 62.23 62.29
67.15 67.53 67.68 67.34 67.34 67.23 67.14 67.2 67.14 67.02 66.89 66.51 66.58 66.54 66.29 66.04 65.89 65.75 65.7 65.58 65.43 65.3 65.13 65.1 65.01 64.84 64.87 64.84 64.66 64.65 64.49 64.45 64.49 64.43 64.61 64.26 64.26 64.09 63.9 63.89 63.84 63.85 63.87 63.84 63.86 63.92 63.67 63.29 63.01 62.83 62.65 62.66 62.76 62.6 62.53 62.53 62.13 61.82 61.7 61.49 61.36 61.46 60.15 61.66 61.88 61.9 61.94 62 62.14 62.43 62.06 62.09 61.98 61.95 62 62.06 62.16 62.24
